Sat Dec 09 23:57:11 +0000 2017,Why is everyone talking about bitcoin suddenly what happened,0
Sat Dec 09 23:53:49 +0000 2017,I believe Mr. Tilly did a fabulous job explaining the niche nature of the @cboe's new bitcoin futures offering whil… https://t.co/H3i3eBzwUZ,7
Sat Dec 09 23:47:18 +0000 2017,Bitcoin is a virus that afflicts the greedy and the gullible.,24
Sat Dec 09 23:46:06 +0000 2017,I believe Mr. Tilly did a fabulous job explaining the niche nature of the @cboe's new bitcoin futures offering whil… https://t.co/H3i3eBzwUZ,7
Sat Dec 09 23:44:08 +0000 2017,The Bitcoin Bubble is starting to look like a plot from a Bruce Sterling or William Gibson novel! https://t.co/cDXwsHAxxR,0
Sat Dec 09 23:43:49 +0000 2017,Bitcoin buyers’ fear of missing out driving rush to ‘millennial gold’  https://t.co/DdKwP2U3VW,0
Sat Dec 09 23:42:07 +0000 2017,Bitcoin Plunge Reveals Possible Vulnerabilities In Crazy Imaginary Internet Money&lt;em&gt;&lt;/em&gt; https://t.co/HQUavyHnJj,0
Sat Dec 09 23:42:02 +0000 2017,You might be hearing a lot about #bitcoin. Bitcoin mining looks like server farms processing transactions. That suc… https://t.co/NbQJcBu3tn,3
Sat Dec 09 23:40:39 +0000 2017,Bitcoin is a virus that afflicts the greedy and the gullible.,24
Sat Dec 09 23:40:30 +0000 2017,"If the broader Bitcoin experiment doesn’t implode  the currency will be regulated just as any other.",0
Sat Dec 09 23:40:05 +0000 2017,"With its influx of finance mercenaries  the Bitcoin community is a grim illustration of greed running roughshod ov… https://t.co/jBczQPCAYm,0
Sat Dec 09 23:38:51 +0000 2017,I believe Mr. Tilly did a fabulous job explaining the niche nature of the @cboe's new bitcoin futures offering whil… https://t.co/H3i3eBzwUZ,7
Sat Dec 09 23:38:06 +0000 2017,"Real wealth flows from the West to the East in the form of gold bullion and claims to natural resources. In the cr… https://t.co/J74af8B7Kq,0
Sat Dec 09 23:37:33 +0000 2017,"A $1 trillion bitcoin economy may not be suppressible  but it definitely becomes a less friendly environment with… https://t.co/SFFqKqfabZ,0
Sat Dec 09 23:36:39 +0000 2017,"Money naturally operates like a virus" https://t.co/RQQ2K1nJyB,0
Sat Dec 09 23:31:17 +0000 2017,@cryptomanran @MKBHD Bitcoin is moody.,0
Sat Dec 09 23:29:51 +0000 2017,This Seattle sports week has crashed harder than the eventual Bitcoin collapse likely next week. https://t.co/vZ8iqmBCmh,0
Sat Dec 09 23:23:06 +0000 2017,@jkgullo I'm watching @CBCNews panel on bitcoin right now. Wishing they had your input on the disturbing aspects of this currency...,0
Sat Dec 09 23:19:14 +0000 2017,$XBT : @cboe bitcoin futures https://t.co/8LLrkNTsPt -- Long: $V  $BTC  $MSFT  $NVDA  $INTC  $SQ.,0
Sat Dec 09 23:18:23 +0000 2017,I believe Mr. Tilly did a fabulous job explaining the niche nature of the @cboe's new bitcoin futures offering whil… https://t.co/H3i3eBzwUZ,7
Sat Dec 09 23:17:44 +0000 2017,Dont miss out on the 2nd Bitcoin Boom 📈  FREE $10 of BITCOIN   If you use my refferal Link for Coinbase (USA Bigges… https://t.co/N0ogRr3gPj,0
Sat Dec 09 23:13:19 +0000 2017,The Bitcoin craziness have you wondering how blockchain works? https://t.co/xbmevjdv45,138
Sat Dec 09 23:01:03 +0000 2017,I believe Mr. Tilly did a fabulous job explaining the niche nature of the @cboe's new bitcoin futures offering whil… https://t.co/H3i3eBzwUZ,7
Sat Dec 09 23:00:09 +0000 2017,You can now let a prospective buyer know that you accept Bitcoin on Craigstlist https://t.co/THfnqjHL4t,0
Sat Dec 09 22:57:23 +0000 2017,@daribroko Or...buy bitcoin,1
Sat Dec 09 22:57:18 +0000 2017,Having so much fun collecting bitcoin.  Just received my faucehub withdraw.  Now I hope bitcoin raises to $1 000 00… https://t.co/GEYBnKARxM,0
Sat Dec 09 22:57:08 +0000 2017,@daribroko Or...buy bitcoin,1
Sat Dec 09 22:56:27 +0000 2017,@stocat1 @SesetatsSeditin @StephenAtHome Cathryn  I can tell you want to learn. Watch this link until the end and y… https://t.co/awknN9tWzh,0
Sat Dec 09 22:55:40 +0000 2017,"Bitcoin isn't worth anything. I can't go buy my groceries with it." Oh let me go take my PAMP Suisse gold bar to Q… https://t.co/RefOyAfLSX,0
Sat Dec 09 22:55:35 +0000 2017,Bitcoin was invented by oil companies to increase demand for electricity generated with fossil fuels,40
Sat Dec 09 22:53:48 +0000 2017,Bitcoin has no intrinsic value: UBS Chairman Axel Weber https://t.co/Gyf0fZJ6BX,0
Sat Dec 09 22:53:11 +0000 2017,If I started a YouTube channel where I explained how to get started with Bitcoin and cryptocurrencies  explained th… https://t.co/eVHZHNUpnm,1
Sat Dec 09 22:52:46 +0000 2017,@stocat1 @SesetatsSeditin @StephenAtHome Cathryn  I admire your humility. Sincerely. This is one of the most comple… https://t.co/NrnEA6Aznw,0
Sat Dec 09 22:52:27 +0000 2017,If I started a YouTube channel where I explained how to get started with Bitcoin and cryptocurrencies  explained th… https://t.co/eVHZHNUpnm,1
Sat Dec 09 22:51:53 +0000 2017,Bitcoin tops record $19 000  then plunges in wild 2-day ride   #bitcoin #cryptocurrency  https://t.co/k2lyzYqc2P,21
Sat Dec 09 22:42:56 +0000 2017,One bitcoin currently buys you 12.21 ounces of gold.,0
Sat Dec 09 22:42:21 +0000 2017,The Bitcoin craziness have you wondering how blockchain works? https://t.co/xbmevjdv45,138
Sat Dec 09 22:40:55 +0000 2017,How to start investing in cryptocurrencies: Start small  start safe  start quickly: https://t.co/QyPQPxE12w  $ETH… https://t.co/mJmzfTmoTg,2
Sat Dec 09 22:26:06 +0000 2017,The Bitcoin craziness have you wondering how blockchain works? https://t.co/xbmevjdv45,138
Sat Dec 09 22:25:51 +0000 2017,@GeminiDotCom Just as Bitcoin is coming back over $15k =D,1
Sat Dec 09 22:24:09 +0000 2017,@MadScientistPhD When I talk to  a bitcoin trader  all I keep thinking is “tulips  tulips  tulips...),0
Sat Dec 09 22:22:50 +0000 2017,@MadScientistPhD Actually one of the moms is now full time trading bitcoin at home. Hmmm,0
Sat Dec 09 22:20:22 +0000 2017,@MadScientistPhD Apparently you have to know guys Henry’s age (19). He has friends who buy and sell bitcoin full on… https://t.co/TTx6t619QM,0
Sat Dec 09 22:20:21 +0000 2017,Claiming  #Bitcoin success as my investment savviness is like saying I am really good at slot machines...,0
Sat Dec 09 22:20:11 +0000 2017,@GeminiDotCom Just as Bitcoin is coming back over $15k =D,1
Sat Dec 09 22:18:08 +0000 2017,love the good good dissonance of constantly seeing articles about how bitcoin is going to destroy the environment q… https://t.co/JtReHlojwn,0
Sat Dec 09 22:17:36 +0000 2017,Thanks to @TheEbizWizard @Forbes has a very useful article about #Bitcoin.  Check it out before you make decisions… https://t.co/9GXxpORKd5,2
Sat Dec 09 22:13:16 +0000 2017,The Bitcoin craziness have you wondering how blockchain works? https://t.co/xbmevjdv45,138
Sat Dec 09 22:11:17 +0000 2017,The problem with all the Bitcoin plunges/plummets/nose dives articles is that by the time the author hits publish … https://t.co/nHdb6yMFqV,0
Sat Dec 09 22:07:35 +0000 2017,So seriously  does anyone know if I can buy put options on Bitcoin starting tomorrow?,0
Sat Dec 09 21:56:11 +0000 2017,RT @levie - That moment when you look at the price of bitcoin and think it cannot go any higher so you do not buy a… https://t.co/LzhwtksG5V,1
Sat Dec 09 21:54:38 +0000 2017,The Bitcoin craziness have you wondering how blockchain works? https://t.co/xbmevjdv45,138
Sat Dec 09 21:53:47 +0000 2017,Thieves stole potentially millions of dollars in bitcoin in a hack attack https://t.co/ZemzYtRnLA,0
Sat Dec 09 21:51:15 +0000 2017,The Bitcoin craziness have you wondering how blockchain works? https://t.co/xbmevjdv45,138
Sat Dec 09 21:42:38 +0000 2017,I'm just annoyed at all the "what's a Bitcoin" questions...,0
Sat Dec 09 21:42:29 +0000 2017,@IamGMJohnson They use cash for the same thing  it's anon as well. Saying that's why bitcoin was created is way off… https://t.co/ZSiajtYFZU,0
Sat Dec 09 21:40:50 +0000 2017,@MichaelPorfirio What’s the difference between talking about owning a village by the sea and owning bitcoin?,0
Sat Dec 09 21:36:00 +0000 2017,@ButtCoin "Fundimentals" is a Bitcoin term. It's like "hodling.",0
Sat Dec 09 21:33:22 +0000 2017,Fairly insightful conversation with Richard Sherman.  Definitely agree with this sentiment: “I think the world woul… https://t.co/HReRweOhnr,0
Sat Dec 09 21:33:11 +0000 2017,I seemed to have purchased bitcoin and exactly the moment it started to fall,0
Sat Dec 09 21:24:05 +0000 2017,@choppers1 By sellers  I mean those who are trading bitcoin as a currency  as opposed to those who use bitcoin as a… https://t.co/drilaDxOg3,0
Sat Dec 09 21:21:24 +0000 2017,Only 4 million more bitcoin will ever be produced. And 99% of the world doesn't own any yet. Of the extant 17 milli… https://t.co/Kz8J6EJkZ7,0
Sat Dec 09 21:21:01 +0000 2017,Some of the biggest firms in advertising plan to increase their ad buying budget on Amazon between 40 and 100 perce… https://t.co/m6JWBUVoBJ,0
Sat Dec 09 21:16:59 +0000 2017,The first bitcoin transaction was in 2010 when a pizza was bought with 10 000 Bitcoins.  That is now worth ~$150 00… https://t.co/zDMoaoHDef,0
Sat Dec 09 21:15:56 +0000 2017,The Bitcoin craziness have you wondering how blockchain works? https://t.co/xbmevjdv45,138
Sat Dec 09 21:10:05 +0000 2017,The next few days are a big step for cryptocurrencies #Bitcoin: futures market.  Some good advice by… https://t.co/Qmj8nIeNsd,0
Sat Dec 09 21:05:17 +0000 2017,The Bitcoin craziness have you wondering how blockchain works? https://t.co/xbmevjdv45,138
Sat Dec 09 21:04:56 +0000 2017,Bitcoin was invented by oil companies to increase demand for electricity generated with fossil fuels,40
Sat Dec 09 21:04:32 +0000 2017,Bitcoin was invented by oil companies to increase demand for electricity generated with fossil fuels,40
Sat Dec 09 21:03:50 +0000 2017,Bitcoin was invented by oil companies to increase demand for electricity generated with fossil fuels,40
Sat Dec 09 21:00:58 +0000 2017,Bitcoin was invented by oil companies to increase demand for electricity generated with fossil fuels,40
Sat Dec 09 21:00:18 +0000 2017,i would be a bitcoin millionaire rn if i didnt buy all that heroin back in middleschool 🙍‍♂️,0
Sat Dec 09 20:57:41 +0000 2017,Bitcoin surpasses $13 000 as momentum remains strong: https://t.co/AzP8EGGF2t #bitcoin,0
Sat Dec 09 20:56:45 +0000 2017,RT @levie - That moment when you look at the price of bitcoin and think it cannot go any higher so you do not buy a… https://t.co/LzhwtksG5V,1
Sat Dec 09 20:49:41 +0000 2017,The Bitcoin craziness have you wondering how blockchain works? https://t.co/xbmevjdv45,138
Sat Dec 09 20:48:25 +0000 2017,The Bitcoin craziness have you wondering how blockchain works? https://t.co/xbmevjdv45,138
Sat Dec 09 20:42:21 +0000 2017,The Bitcoin craziness have you wondering how blockchain works? https://t.co/xbmevjdv45,138
Sat Dec 09 20:37:32 +0000 2017,I love your bitcoin faucet.  You are awesome people  thank you. @freebitco,0
Sat Dec 09 20:37:28 +0000 2017,@NeoUrsula_ @xtiandela I know  he's a real good dude. I appreciate your lesson/info on bitcoin yesterday. Getting s… https://t.co/WYdlX6CMKc,0
Sat Dec 09 20:33:29 +0000 2017,Bitcoin keeps breaking records  but should you invest in the year's hottest commodity? #Investing https://t.co/VFtTHiKBLH,0
Sat Dec 09 20:32:27 +0000 2017,What are they two best bitcoin faucets known to mankind?    They are "moonbit" https://t.co/NxClzv2O6S… https://t.co/jHn2dCJXoM,0
Sat Dec 09 20:30:37 +0000 2017,Seven Lies #Bitcoin Fans Tell Themselves (And Anyone Else Who Will Listen) via @forbes https://t.co/pp2XTntw7z,0
Sat Dec 09 20:29:16 +0000 2017,I don't trust Bitcoin because all money is based on the concept if "everybody be cool" and Bitcoin stuff seems fill… https://t.co/1iGWhZMuLL,1
Sat Dec 09 20:28:15 +0000 2017,Sound money  Sound food  Sound energy. Bitcoin  Meat  and Fossil Fuels promote Human Flourishing. https://t.co/nzldUxbW9y,0
Sat Dec 09 20:25:38 +0000 2017,Everyone getting into #bitcoin should read this article. $btc $bch https://t.co/CcgCQzpM5a,0
Sat Dec 09 20:16:54 +0000 2017,The Bitcoin craziness have you wondering how blockchain works? https://t.co/xbmevjdv45,138
Sat Dec 09 20:13:59 +0000 2017,Analyzing the media coverage of Bitcoin - November Monthly Media Review with the AYLIEN News API - AYLIEN https://t.co/0kJGmrBGgt #bitcoin,0
Sat Dec 09 20:13:14 +0000 2017,The Bitcoin craziness have you wondering how blockchain works? https://t.co/xbmevjdv45,138
Sat Dec 09 20:09:50 +0000 2017,Digital currency exchange NiceHash says bitcoin worth nearly $64 million hacked https://t.co/OCc6DR0zxg,0
Sat Dec 09 20:01:31 +0000 2017,The Bitcoin craziness have you wondering how blockchain works? https://t.co/xbmevjdv45,138
Sat Dec 09 20:01:14 +0000 2017,Bitcoin is none of the things it was supposed to be https://t.co/zXcnw2KAK4 via @outline,0
Sat Dec 09 20:00:23 +0000 2017,The Bitcoin craziness have you wondering how blockchain works? https://t.co/xbmevjdv45,138
Sat Dec 09 19:59:03 +0000 2017,@bradmillscan @moneytrigz @HeyTaiZen @VinnyLingham There is no one that understand bitcoin less than Vinny Lingham.… https://t.co/O9kH0ojXI9,0
