Fri Mar 23 19:32:37 +0000 2018,If anyone is interested in trading Bitcoin and other cryptocurrencies..and does not have the time to look at charts… https://t.co/TJ00iIlmtX,0
