Thu May 10 23:54:42 +0000 2018,Hyperledger Burrow provides a permissioned smart contract interpreter partially developed to the specification of t… https://t.co/nGi721e5pR,6
Thu May 10 23:54:09 +0000 2018,Crypto update: Bitcoin  Ethereum  Ripple  Bitcoin Cash  and Litecoin slide lower $ETH https://t.co/H7ev3a5VuX,0
Thu May 10 23:46:10 +0000 2018,Superset's Ethereum nodes are fully synced . Anyone will be able to send ETHER with Superset smart contracts very s… https://t.co/wp0WSttbLj,51
Thu May 10 23:28:28 +0000 2018,Hyperledger Burrow provides a permissioned smart contract interpreter partially developed to the specification of t… https://t.co/nGi721e5pR,6
Thu May 10 23:20:36 +0000 2018,HBO’s Silicon Valley just released an Official #PiedPiperCoin Airdrop Form lol #Ethereum,0
Thu May 10 23:19:19 +0000 2018,Launching an ICO Token on Ethereum in Less Than Thirty Minutes - Bitcoin News $ETH https://t.co/bk7vJkOq9A,0
Thu May 10 23:17:26 +0000 2018,Come and join us at #BlockchainConnectConference #SiliconValley 2018 in San Jose this June! Meet with leaders from… https://t.co/eu86wZC86W,2
Thu May 10 23:15:33 +0000 2018,Hyperledger Burrow provides a permissioned smart contract interpreter partially developed to the specification of t… https://t.co/nGi721e5pR,6
Thu May 10 23:08:50 +0000 2018,@AltOne_Crypto @DropboxBusiness @Dropbox @ScrollToken @WSJTech You mean this burger ??? 🤑🤑  #CRYPTO #CRYPTOCURRENCY… https://t.co/EnuXyOAv7T,0
Thu May 10 23:08:24 +0000 2018,Hyperledger Burrow provides a permissioned smart contract interpreter partially developed to the specification of t… https://t.co/nGi721e5pR,6
Thu May 10 23:07:00 +0000 2018,Hyperledger Burrow provides a permissioned smart contract interpreter partially developed to the specification of t… https://t.co/nGi721e5pR,6
Thu May 10 23:04:24 +0000 2018,And they said basing Decibels on Ethereum would be a bad mistake. From what I see  Decibels will be the most accept… https://t.co/IgRWyGaQWE,1937
Thu May 10 23:01:27 +0000 2018,Superset's Ethereum nodes are fully synced . Anyone will be able to send ETHER with Superset smart contracts very s… https://t.co/wp0WSttbLj,51
Thu May 10 23:01:04 +0000 2018,The current price of #Ethereum is: 734.16,0
Thu May 10 22:59:50 +0000 2018,Buh-bye intermediaries.   Join @Jusdev89 and @diopfode of #OaklandBlockchainDevelopers in a guided tour of… https://t.co/Z7jLnZsrOL,2
Thu May 10 22:52:20 +0000 2018,@shlevy there kinda hasn't  it's an interesting set of ideas that has had real effort put into it but every time I'… https://t.co/SfPFxYk6rk,0
Thu May 10 22:48:10 +0000 2018,BlockChannel:Launching an ICO Token on Ethereum in Less Than Thirty Minutes https://t.co/4daTTsM4RW #Bitcoin https://t.co/iW209aRyeF,0
Thu May 10 22:32:08 +0000 2018,Win $300 of Ethereum – Every Day until Sunday May 13th https://t.co/QDlsZFCDAB,2
Thu May 10 22:21:59 +0000 2018,Come and join us at #BlockchainConnectConference #SiliconValley 2018 in San Jose this June! Meet with leaders from… https://t.co/eu86wZC86W,2
Thu May 10 22:16:13 +0000 2018,New Wyre #OTC trading desk combines industry-leading market insights with years of #crypto experience. Sign up toda… https://t.co/vKaKU3Hru7,1
Thu May 10 22:04:25 +0000 2018,How to Buy #MoneroXMR - April 2018 - https://t.co/xeL6R068My #BuyingGuides #Cryptocurrency #Crypto #altcoin… https://t.co/G4EfIvJx7f,1
Thu May 10 22:04:07 +0000 2018,How to Buy #MoneroXMR - April 2018 - https://t.co/xeL6R068My #BuyingGuides #Cryptocurrency #Crypto #altcoin… https://t.co/G4EfIvJx7f,1
Thu May 10 22:01:04 +0000 2018,The current price of #Ethereum is: 736.32,0
Thu May 10 21:57:13 +0000 2018,@AliantPayment @GooglePay are you going to offer an option for paying with Bitcoin  Litecoin  and Ethereum like Coi… https://t.co/uQnS5d0As5,2
Thu May 10 21:51:05 +0000 2018,Win $300 of Ethereum – Every Day until Sunday May 13th https://t.co/QDlsZFCDAB,2
Thu May 10 21:29:39 +0000 2018,#APOFinance #ICO #Ethereum #Сryptocurrency “In business  people negotiate to win. They negotiate to get what they w… https://t.co/GNbjJDoZ12,0
Thu May 10 21:29:35 +0000 2018,#APOFinance #ICO #Ethereum #Сryptocurrency https://t.co/ggrHYyfjst,0
Thu May 10 21:29:19 +0000 2018,#moneytoken #IMT #ICO #Crowdsale #Bitcoin #Blockchain #Token #ETH #Ethereum #TokenSale https://t.co/YOfEzh3Mh3,0
Thu May 10 21:26:56 +0000 2018,#ICO #Crowdsale #Bitcoin #Blockchain #Token #ETH #Ethereum  “In business  people negotiate to win. They negotiate t… https://t.co/y1n0vbLNoZ,0
Thu May 10 21:26:44 +0000 2018,#ICO #Crowdsale #Bitcoin #Blockchain #Token #ETH #Ethereum #TokenSale https://t.co/oHY8xS4mCe,0
Thu May 10 21:26:22 +0000 2018,#TRIWER #TRW #TriwerDelivery #Ethereum #Bitcoin #Blockchain https://t.co/PXWIBIIh6h,1
Thu May 10 21:25:40 +0000 2018,#TRIWER #TRW #TriwerDelivery #Ethereum #Bitcoin #Blockchain https://t.co/PXWIBIIh6h,1
Thu May 10 21:25:33 +0000 2018,#TokenSale #CryptoNews #Bitcoin #Ethereum @TreonNews https://t.co/PVoEAIIcNK,0
Thu May 10 21:24:37 +0000 2018,#Autobay #crypto #bitcoin #eth #ethereum https://t.co/QyAjVM0H16,0
Thu May 10 21:20:22 +0000 2018,@AliantPayment @GooglePay are you going to offer an option for paying with Bitcoin  Litecoin  and Ethereum like Coi… https://t.co/uQnS5d0As5,2
Thu May 10 21:19:30 +0000 2018,You may have missed Bitcoin  Ethereum  Dash  and any many more  crypto currencies  coins now worth thousands of dol… https://t.co/lj3JMGG4w7,0
Thu May 10 21:13:13 +0000 2018,#telegram #bitcoin #ETHEREUM #ICO #cryptocurreny #techcrunch https://t.co/357CrqHdCe,1
Thu May 10 21:01:03 +0000 2018,The current price of #Ethereum is: 734.72,0
Thu May 10 20:57:38 +0000 2018,#telegram #bitcoin #ETHEREUM #ICO #cryptocurreny #techcrunch https://t.co/357CrqHdCe,1
Thu May 10 20:50:00 +0000 2018,10/05/2018: Biggest Stories in the Cryptosphere -@BlockEx #Blockchain #Cryptocurrency #Bitcoin #Ethereum #Governance https://t.co/ly0i6fiM73,0
Thu May 10 20:44:08 +0000 2018,Superset's Ethereum nodes are fully synced . Anyone will be able to send ETHER with Superset smart contracts very s… https://t.co/wp0WSttbLj,51
Thu May 10 20:42:15 +0000 2018,$MGTI - Earnings  Update 8-K - and 50 GPU-based Ethereum mining rigs. Further  the Company continues to execute on… https://t.co/yecjKmdHZI,0
Thu May 10 20:40:07 +0000 2018,New Wyre #OTC trading desk combines industry-leading market insights with years of #crypto experience. Sign up toda… https://t.co/vKaKU3Hru7,1
Thu May 10 20:40:00 +0000 2018,#OctoBitIO #ICO #Crowdsale #Bitcoin #Blockchain #Token #ETH #Ethereum #TokenSale “The focus of the entrepreneur mus… https://t.co/PO8t05tAqL,0
Thu May 10 20:37:31 +0000 2018,#APOFinance #ICO #Ethereum #Сryptocurrency “The focus of the entrepreneur must always be on exchanging products or… https://t.co/MUgAtdhDHs,0
Thu May 10 20:37:17 +0000 2018,#moneytoken #IMT #ICO #Crowdsale #Bitcoin #Blockchain #Token #ETH #Ethereum  “The focus of the entrepreneur must al… https://t.co/Vwk4kTGmSe,0
Thu May 10 20:37:08 +0000 2018,#moneytoken #IMT #ICO #Crowdsale #Bitcoin #Blockchain #Token #ETH #Ethereum #TokenSale https://t.co/TKhA1JikDI,0
Thu May 10 20:35:46 +0000 2018,@AliantPayment @GooglePay are you going to offer an option for paying with Bitcoin  Litecoin  and Ethereum like Coi… https://t.co/uQnS5d0As5,2
Thu May 10 20:35:22 +0000 2018,#ICO #Crowdsale #Bitcoin #Blockchain #Token #ETH #Ethereum #TokenSale “The focus of the entrepreneur must always be… https://t.co/rYcAzYhV68,0
Thu May 10 20:35:16 +0000 2018,#ICO #Crowdsale #Bitcoin #Blockchain #Token #ETH #Ethereum #TokenSale https://t.co/AJWPEzsVP2,0
Thu May 10 20:33:47 +0000 2018,#TRIWER #TRW #TriwerDelivery #Ethereum #Bitcoin #Blockchain https://t.co/5pWvUDkNAm,0
Thu May 10 20:33:37 +0000 2018,#TokenSale #CryptoNews #Bitcoin #Ethereum @TreonNews https://t.co/hN4BHdmAnF,0
Thu May 10 20:30:45 +0000 2018,#Autobay #crypto #bitcoin #eth #ethereum https://t.co/ChdUaZwH0H,0
Thu May 10 20:15:50 +0000 2018,$GROW - Press Release - Holmes  Company CEO and chief investment officer  notes that a recovery in cryptocurrencies… https://t.co/UFqEgnAsb1,0
Thu May 10 20:15:49 +0000 2018,$GROW - Press Release - beginning to see investors get back in the trade. In April  the price of Bitcoin rose close… https://t.co/XSqBq5q94d,0
Thu May 10 20:15:49 +0000 2018,$GROW - Press Release - ("HIVE")  the first publicly-traded firm involved in the mining of virgin cryptocurrencies … https://t.co/dox7o8KBrE,0
Thu May 10 20:11:41 +0000 2018,Contractium is a decentralized software that runs smart contracts based on Ethereum  Join the #airdrop and #ICO… https://t.co/hciZ9vGdee,0
Thu May 10 20:01:04 +0000 2018,The current price of #Ethereum is: 735.19,0
Thu May 10 19:46:09 +0000 2018,Superset's Ethereum nodes are fully synced . Anyone will be able to send ETHER with Superset smart contracts very s… https://t.co/wp0WSttbLj,51
Thu May 10 19:39:08 +0000 2018,Goldman's Launching Bitcoin Trading and Ethereum Network Update $ETH https://t.co/8lfiOTzLrY,0
Thu May 10 19:38:23 +0000 2018,“The Faults and Shortcomings of the EVM” - an in-depth look at the complete crazysauce which underlies Ethereum https://t.co/sS9mznVGRo,8
Thu May 10 19:38:15 +0000 2018,@AltOne_Crypto Looks can be deceiving 🤔  #CRYPTO #CRYPTOCURRENCY $BTC $LTC $ETH #CRYPTOCURRENCIES #ICO #blockchain… https://t.co/uB0IQzW5Ns,0
Thu May 10 19:32:15 +0000 2018,Superset's Ethereum nodes are fully synced . Anyone will be able to send ETHER with Superset smart contracts very s… https://t.co/wp0WSttbLj,51
Thu May 10 19:28:06 +0000 2018,Ethereum Classic $ETC crossed 10-day low ($20.36  20.76% change). https://t.co/vTiHtexYek,1
Thu May 10 19:22:53 +0000 2018,Superset's Ethereum nodes are fully synced . Anyone will be able to send ETHER with Superset smart contracts very s… https://t.co/wp0WSttbLj,51
Thu May 10 19:21:34 +0000 2018,Ethereum Classic $ETC crossed 10-day low ($20.36  20.76% change). https://t.co/vTiHtexYek,1
Thu May 10 19:01:06 +0000 2018,The current price of #Ethereum is: 739.0,0
Thu May 10 18:56:46 +0000 2018,Amazing ! Watch our screen capture showing a withdrawal from Superset to Ethereum in 14 seconds https://t.co/DvCeF0gXku,42
Thu May 10 18:53:44 +0000 2018,Bitmex Whale @BitmexWhale [18:51:35 UTC] BitMEX XBTUSD 3 600 000 contracts market SOLD at 9 131   #CRYPTO… https://t.co/dsSIYs63nl,0
Thu May 10 18:51:36 +0000 2018,#APOFinance #ICO #Ethereum #Сryptocurrency “It doesn't matter to me that my leaving will cost you money. It doesn't… https://t.co/ma5AKxO1Sd,0
Thu May 10 18:51:30 +0000 2018,#APOFinance #ICO #Ethereum #Сryptocurrency https://t.co/VMihrhCIdf,0
Thu May 10 18:51:06 +0000 2018,#moneytoken #IMT #ICO #Crowdsale #Bitcoin #Blockchain #Token #ETH #Ethereum #TokenSale https://t.co/6uX4STOhNS,0
Thu May 10 18:51:05 +0000 2018,How 5 Million Users Will Start Spending Crypto; https://t.co/IsRKzQxTxH  #bitcoin #bitcoinnews #BitcoinCash #ethereum #litecoin #altcoinnews,16
Thu May 10 18:46:47 +0000 2018,#ICO #Crowdsale #Bitcoin #Blockchain #Token #ETH #Ethereum #TokenSale https://t.co/YjgZJBP5X9,0
Thu May 10 18:43:12 +0000 2018,#TRIWER #TRW #TriwerDelivery #Ethereum #Bitcoin #Blockchain https://t.co/k0SZMNT5I6,0
Thu May 10 18:43:08 +0000 2018,#TokenSale #CryptoNews #Bitcoin #Ethereum @TreonNews https://t.co/RD0t9mIJOt,0
Thu May 10 18:39:28 +0000 2018,#Autobay #crypto #bitcoin #eth #ethereum https://t.co/EQtPda8gj2,0
Thu May 10 18:38:21 +0000 2018,Trustless eCommerce on the #Ethereum $ETH #BlockChain by using smart contracts. Awesome work by the @MuleSoft team… https://t.co/akx46jDtCh,2
Thu May 10 18:37:09 +0000 2018,Trustless eCommerce on the #Ethereum $ETH #BlockChain by using smart contracts. Awesome work by the @MuleSoft team… https://t.co/akx46jDtCh,2
Thu May 10 18:34:35 +0000 2018,How to Buy #MoneroXMR - April 2018 - https://t.co/8YxUVZxSdD #BuyingGuides #Cryptocurrency #Crypto #altcoin… https://t.co/fcKXuY1eue,1
Thu May 10 18:34:05 +0000 2018,How to Buy #MoneroXMR - April 2018 - https://t.co/8YxUVZxSdD #BuyingGuides #Cryptocurrency #Crypto #altcoin… https://t.co/fcKXuY1eue,1
Thu May 10 18:24:28 +0000 2018,Where can I find info on Ethereum pool operators?,0
Thu May 10 18:17:04 +0000 2018,Crypto Manifesto #cryptocurrency #dogecoin #bitcoin #ethereum #snm #data  https://t.co/bINkW424tK,0
Thu May 10 18:15:32 +0000 2018,Trustless eCommerce on the #Ethereum $ETH #BlockChain by using smart contracts. Awesome work by the @MuleSoft team… https://t.co/akx46jDtCh,2
Thu May 10 18:04:47 +0000 2018,ERC 735: Claim Holders https://t.co/hTU33W60Td reads like it could work nicely with Decentralized Identifiers https://t.co/x5OuLzrIDW,0
Thu May 10 18:02:21 +0000 2018,First ERC 725 implementation by @originprotocol. Identity Management through a Web UI on ethereum blockchain.,0
Thu May 10 18:01:04 +0000 2018,The current price of #Ethereum is: 741.59,0
Thu May 10 18:00:17 +0000 2018,Ethereum is an open protocol for generating bad ideas for open protocols,16
Thu May 10 17:54:57 +0000 2018,Here is the URL to a larger screen capture of a Superset to Ethereum withdrawal (using Geth from Windows Powershell… https://t.co/pj48aJGrKT,48
Thu May 10 17:54:23 +0000 2018,Superset's Ethereum nodes are fully synced . Anyone will be able to send ETHER with Superset smart contracts very s… https://t.co/wp0WSttbLj,51
Thu May 10 17:53:35 +0000 2018,#Superset is a system that allows anyone to create smart contracts using plain English. Superset can run over multi… https://t.co/eUBDWqehBL,0
Thu May 10 17:48:38 +0000 2018,Superset's Ethereum nodes are fully synced . Anyone will be able to send ETHER with Superset smart contracts very s… https://t.co/wp0WSttbLj,51
Thu May 10 17:42:49 +0000 2018,On June 2  EOS will go from Ethereum to the EOS MainNet chain and Kraken will fully manage the token swap involved… https://t.co/g3KVOduoeb,176
Thu May 10 17:20:26 +0000 2018,Ethereum Price Technical Analysis – ETH/USD Gaining Momentum https://t.co/4UBPnjwBpx https://t.co/J21EENBfV6,1
Thu May 10 17:02:06 +0000 2018,And they said basing Decibels on Ethereum would be a bad mistake. From what I see  Decibels will be the most accept… https://t.co/IgRWyGaQWE,1937
