Thu Nov 15 23:01:06 +0000 2018,I will be presenting our project (Boltcoin &amp; Boltcard) at #ConsensusInvest 2018 Deal Room on November 27  2018. See… https://t.co/HlfoYfFlpR,1
Thu Nov 15 22:20:51 +0000 2018,KIN ABANDONA ETHEREUM Y STELLAR  MIGRA A SU PROPIA CADENA DE BLOQUES. Si deseas leer este artículo completo ingresa… https://t.co/K9VCKuTVYF,0
Thu Nov 15 22:18:08 +0000 2018,The new #LogicApps Connector for #Ethereum lets #smartcontracts listen for events from hundreds of sources from… https://t.co/wnSCj6t9R3,6
Thu Nov 15 22:16:54 +0000 2018,In this episode of #Blocktalk  Zeyad and I dive into Ethereum on Azure and give a deep dive on Proof-of-Authority n… https://t.co/2JFrCUKIhT,2
Thu Nov 15 22:07:45 +0000 2018,This fact is not lost on @rchain_coop and @ethereum https://t.co/vKORGWDpRJ,0
Thu Nov 15 22:05:26 +0000 2018,I will be presenting our project (Boltcoin &amp; Boltcard) at #ConsensusInvest 2018 Deal Room on November 27  2018. See… https://t.co/HlfoYfFlpR,1
Thu Nov 15 22:04:13 +0000 2018,The new #LogicApps Connector for #Ethereum lets #smartcontracts listen for events from hundreds of sources from… https://t.co/wnSCj6t9R3,6
Thu Nov 15 21:17:54 +0000 2018,...and here's a quick cycle preview of our current fleet of various class ships. Expect additional alterations  ref… https://t.co/WpFwhZd5HO,2
Thu Nov 15 20:31:48 +0000 2018,...and here's a quick cycle preview of our current fleet of various class ships. Expect additional alterations  ref… https://t.co/WpFwhZd5HO,2
Thu Nov 15 19:44:47 +0000 2018,The new #LogicApps Connector for #Ethereum lets #smartcontracts listen for events from hundreds of sources from… https://t.co/wnSCj6t9R3,6
Thu Nov 15 17:51:17 +0000 2018,The new #LogicApps Connector for #Ethereum lets #smartcontracts listen for events from hundreds of sources from… https://t.co/wnSCj6t9R3,6
Thu Nov 15 17:41:11 +0000 2018,In this episode of #Blocktalk  Zeyad and I dive into Ethereum on Azure and give a deep dive on Proof-of-Authority n… https://t.co/2JFrCUKIhT,2
Thu Nov 15 17:38:56 +0000 2018,The new #LogicApps Connector for #Ethereum lets #smartcontracts listen for events from hundreds of sources from… https://t.co/wnSCj6t9R3,6
Thu Nov 15 17:38:53 +0000 2018,In this episode of #Blocktalk  Zeyad and I dive into Ethereum on Azure and give a deep dive on Proof-of-Authority n… https://t.co/2JFrCUKIhT,2
Thu Nov 15 17:33:41 +0000 2018,The new #LogicApps Connector for #Ethereum lets #smartcontracts listen for events from hundreds of sources from… https://t.co/wnSCj6t9R3,6
Thu Nov 15 17:32:59 +0000 2018,The new #LogicApps Connector for #Ethereum lets #smartcontracts listen for events from hundreds of sources from… https://t.co/wnSCj6t9R3,6
Thu Nov 15 17:08:09 +0000 2018,...and here's a quick cycle preview of our current fleet of various class ships. Expect additional alterations  ref… https://t.co/WpFwhZd5HO,2
Thu Nov 15 13:49:10 +0000 2018,Although #Ethereum  #Stellar  #Cardano  #Monero  #Bitcoin  and every other major cryptocurrency fell by around 8 to… https://t.co/sZCN2jeUV5,2
Thu Nov 15 12:40:48 +0000 2018,The H-401  of the 💪heavy ship class. Internally known as "the hulk" because of its massive design and tank DNA.… https://t.co/eb3tz2b9OK,3
Thu Nov 15 10:38:54 +0000 2018,Although #Ethereum  #Stellar  #Cardano  #Monero  #Bitcoin  and every other major cryptocurrency fell by around 8 to… https://t.co/sZCN2jeUV5,2
Thu Nov 15 08:01:47 +0000 2018,https://t.co/oeaHTr0ITv,0
Thu Nov 15 05:19:24 +0000 2018,Here's a pre-alpha peek at F-201 of the fighter class 🚀 experimenting with weapon configurations and customization.… https://t.co/f1yz6LbQwz,1
Thu Nov 15 05:13:37 +0000 2018,Here's a pre-alpha peek at F-201 of the fighter class 🚀 experimenting with weapon configurations and customization.… https://t.co/f1yz6LbQwz,1
Thu Nov 15 03:57:35 +0000 2018,A quick look inside a mining facility we built. Visit https://t.co/bEnBNqJIx3 for the longer form! In this clip  yo… https://t.co/A5BAngHKyt,2
Thu Nov 15 02:46:13 +0000 2018,A quick look inside a mining facility we built. Visit https://t.co/bEnBNqJIx3 for the longer form! In this clip  yo… https://t.co/A5BAngHKyt,2
Thu Nov 15 02:26:59 +0000 2018,A quick look inside a mining facility we built. Visit https://t.co/bEnBNqJIx3 for the longer form! In this clip  yo… https://t.co/A5BAngHKyt,2
Thu Nov 15 01:15:46 +0000 2018,The H-401  of the 💪heavy ship class. Internally known as "the hulk" because of its massive design and tank DNA.… https://t.co/eb3tz2b9OK,3
