Thu Nov 15 23:06:44 +0000 2018,Verge $XVG price: $0.009810   QUICK! Sign up before Binance closes registration! 💰 💸    ➡️ https://t.co/8bxd1YvcGR… https://t.co/NuVJnsDjWv,0
Thu Nov 15 22:33:27 +0000 2018,The debut novel 'Netherrealm Book 1: Heed the Darkness' from Kim Michelle Ross is a twisted tale of reincarnation b… https://t.co/akjt0vXyWw,1
Thu Nov 15 22:33:23 +0000 2018,The debut novel 'Netherrealm Book 1: Heed the Darkness' from Kim Michelle Ross is a twisted tale of reincarnation b… https://t.co/cMdzgBn6Ii,1
Thu Nov 15 21:45:37 +0000 2018,$DASH Dash price: $134.69   Binance registration is ONLINE! We JUST checked! 🤔 😊    ➡️ https://t.co/8bxd1YvcGR… https://t.co/NcmN1y0Avu,0
Thu Nov 15 21:08:13 +0000 2018,The debut novel 'Netherrealm Book 1: Heed the Darkness' from Kim Michelle Ross is a twisted tale of reincarnation b… https://t.co/4nepJL8kOS,1
Thu Nov 15 20:51:10 +0000 2018,The debut novel 'Netherrealm Book 1: Heed the Darkness' from Kim Michelle Ross is a twisted tale of reincarnation b… https://t.co/4nepJL8kOS,1
Thu Nov 15 20:47:41 +0000 2018,Play Dash Tank Fever! Tank battles with bombs #gamedev #indiedev #indiegames #indiegame #videogame #indiegamedev https://t.co/Q09WLYjgGP 12,1
Thu Nov 15 20:47:12 +0000 2018,Play Dash Tank Fever! Tank battles with bombs #gamedev #indiedev #indiegames #indiegame #videogame #indiegamedev https://t.co/Q09WLYjgGP 12,1
Thu Nov 15 19:38:59 +0000 2018,$NEO is valued at: $12.88   We checked! Binance registration is currently open 🤔 💎    ➡️ https://t.co/8bxd1YvcGR… https://t.co/IReCP10NxH,0
Thu Nov 15 17:55:25 +0000 2018,Corrin https://t.co/Npx1HHmeqf,1451
Thu Nov 15 17:31:16 +0000 2018,Join us on Saturday  12/29 as @InsomniacEvents presents @Jeff_Sutorius at @BassmntSD! Formerly known as Dash Berlin… https://t.co/qIIf90nh1n,4
Thu Nov 15 16:41:57 +0000 2018,Litecoin $LTC is valued at: $42.98   Binance registration is ONLINE! We JUST checked! 💎 🤑    ➡️… https://t.co/UUeVBzbSKo,0
Thu Nov 15 16:30:57 +0000 2018,TRON $TRX price: $0.018716   We checked! Binance registration is currently open 💸 🤑    ➡️ https://t.co/8bxd1YvcGR… https://t.co/my2fmIDWI8,0
Thu Nov 15 15:20:48 +0000 2018,@Noahald Yeah what happened with u and intercure dash zink and them,0
Thu Nov 15 14:15:01 +0000 2018,The debut novel 'Netherrealm Book 1: Heed the Darkness' from Kim Michelle Ross is a twisted tale of reincarnation b… https://t.co/cMdzgBn6Ii,1
Thu Nov 15 14:14:55 +0000 2018,The debut novel 'Netherrealm Book 1: Heed the Darkness' from Kim Michelle Ross is a twisted tale of reincarnation b… https://t.co/akjt0vXyWw,1
Thu Nov 15 12:14:00 +0000 2018,Play Dash Tank Fever! Tank battles with bombs #gamedev #indiedev #indiegames #indiegame #videogame #indiegamedev https://t.co/Q09WLYjgGP 70,4
Thu Nov 15 12:10:02 +0000 2018,Play Dash Tank Fever! Tank battles with bombs #gamedev #indiedev #indiegames #indiegame #videogame #indiegamedev https://t.co/Q09WLYjgGP 70,4
Thu Nov 15 12:09:44 +0000 2018,Play Dash Tank Fever! Tank battles with bombs #gamedev #indiedev #indiegames #indiegame #videogame #indiegamedev https://t.co/Q09WLYjgGP 70,4
Thu Nov 15 12:06:36 +0000 2018,Play Dash Tank Fever! Tank battles with bombs #gamedev #indiedev #indiegames #indiegame #videogame #indiegamedev https://t.co/Q09WLYjgGP 70,4
Thu Nov 15 12:05:29 +0000 2018,Play Dash Tank Fever! Tank battles with bombs #gamedev #indiedev #indiegames #indiegame #videogame #indiegamedev https://t.co/Q09WLYjgGP 70,4
Thu Nov 15 08:31:08 +0000 2018,it’s not that cold yet. hope it gets colder. hope it gets cloudier too.  maybe two shots of rain and a dash of thun… https://t.co/VhQ07RgoVL,0
Thu Nov 15 08:04:58 +0000 2018,$DASH Dash price: $140.92   QUICK! Sign up before Binance closes registration! 🤑 💎    ➡️ https://t.co/8bxd1YvcGR… https://t.co/ZkePgRHMkm,0
Thu Nov 15 04:11:23 +0000 2018,$YOYOW is currently worth: $0.025000   We verified that Binance is accepting new users! 😊 💎    ➡️… https://t.co/GkNOTkFC2v,0
Thu Nov 15 03:38:59 +0000 2018,Join us on Saturday  12/29 as @InsomniacEvents presents @Jeff_Sutorius at @BassmntSD! Formerly known as Dash Berlin… https://t.co/qIIf90nh1n,4
Thu Nov 15 03:07:45 +0000 2018,Dash Tank Fever! Tank battles with bombs #gamedev #indiedev #indiegames #indiegame #videogame #indiegamedev https://t.co/Q09WLYjgGP 85,2
Thu Nov 15 03:05:35 +0000 2018,Dash Tank Fever! Tank battles with bombs #gamedev #indiedev #indiegames #indiegame #videogame #indiegamedev https://t.co/Q09WLYjgGP 85,2
Thu Nov 15 03:03:41 +0000 2018,Dash Tank Fever! Tank battles with bombs #gamedev #indiedev #indiegames #indiegame #videogame #indiegamedev https://t.co/Q09WLYjgGP 85,2
Thu Nov 15 02:59:17 +0000 2018,So Door Dash delivers Chick Fil a only to places 10mins way Chick Fil A. Tell me why the closest Chick Fil A to me… https://t.co/IRrRTJQXeC,0
Thu Nov 15 00:17:26 +0000 2018,Play Dash Tank Fever! Tank battles with bombs #gamedev #indiedev #indiegames #indiegame #videogame #indiegamedev https://t.co/Bvegpbm273 43,2
Thu Nov 15 00:14:22 +0000 2018,Play Dash Tank Fever! Tank battles with bombs #gamedev #indiedev #indiegames #indiegame #videogame #indiegamedev https://t.co/Bvegpbm273 43,2
Thu Nov 15 00:13:07 +0000 2018,Play Dash Tank Fever! Tank battles with bombs #gamedev #indiedev #indiegames #indiegame #videogame #indiegamedev https://t.co/Bvegpbm273 43,2
Thu Nov 15 00:08:27 +0000 2018,The debut novel 'Netherrealm Book 1: Heed the Darkness' from Kim Michelle Ross is a twisted tale of reincarnation b… https://t.co/r70VsMjeVS,0
Thu Nov 15 00:03:36 +0000 2018,The debut novel 'Netherrealm Book 1: Heed the Darkness' from Kim Michelle Ross is a twisted tale of reincarnation b… https://t.co/7AzFbSDaFb,2
Thu Nov 15 00:03:29 +0000 2018,The debut novel 'Netherrealm Book 1: Heed the Darkness' from Kim Michelle Ross is a twisted tale of reincarnation b… https://t.co/HqWofl7Flw,1
