Tue May 01 23:23:27 +0000 2018,Current $ARK price: $3.56   HURRY! Binance is currently accepting new users 😍 🤔    ➡️ https://t.co/JhPENhgzbK  $UTK… https://t.co/tdJBMCp7BY,0
Tue May 01 15:20:24 +0000 2018,Ethereum Classic $ETC price: $20.91   QUICK! Sign up before Binance closes registration! 🤔 💰    ➡️… https://t.co/NoJXS7pR4z,0
