Mon Sep 17 20:06:36 +0000 2018,Please submit all your Week 6 reports to https://t.co/3bn8FA5kuP and don't forget to include your ApolloX ID and ET… https://t.co/xWUjPuhSuo,340
Mon Sep 17 16:49:38 +0000 2018,Please submit all your Week 6 reports to https://t.co/3bn8FA5kuP and don't forget to include your ApolloX ID and ET… https://t.co/xWUjPuhSuo,340
Mon Sep 17 16:34:30 +0000 2018,Bitcoin Cash $BCH price: $422.93   We verified that Binance is accepting new users! 🤔 😍    ➡️… https://t.co/LGv1Iz9TYs,0
Mon Sep 17 15:13:28 +0000 2018,Please submit all your Week 6 reports to https://t.co/3bn8FA5kuP and don't forget to include your ApolloX ID and ET… https://t.co/xWUjPuhSuo,340
Mon Sep 17 14:09:38 +0000 2018,We need your support to continue our airdrop service  please donate us ETH to 0xe8C9A14ABcbcD97aCD11B9bbc695870fE25… https://t.co/DFL7due9zt,0
Mon Sep 17 14:04:34 +0000 2018,Please submit all your Week 6 reports to https://t.co/3bn8FA5kuP and don't forget to include your ApolloX ID and ET… https://t.co/xWUjPuhSuo,340
Mon Sep 17 13:41:24 +0000 2018,https://t.co/5h214tXbwL   #ICO #Crowdsale @vintiproject  #Bitcoin #Blockchain #Token #ETH #Ethereum #TokenSale,0
Mon Sep 17 13:41:18 +0000 2018,#ICO #Crowdsale @vintiproject  #Bitcoin #Blockchain #Token #ETH #Ethereum #TokenSale https://t.co/5h214tXbwL,0
Mon Sep 17 13:38:24 +0000 2018,#Blockchain #BlockchainTechnology #ICO #ICOsales #Tokensales #ICOtoken #InfraCoins #BTC #ETH #Bitcoin #EThereum https://t.co/f13D67qSZL,0
Mon Sep 17 13:37:37 +0000 2018,#Papusha #ICO #Crowdsale #Bitcoin #Blockchain #Token #ETH #Ethereum #TokenSale https://t.co/89sJ8CH3sy,0
Mon Sep 17 13:37:33 +0000 2018,#Papusha #ICO #Crowdsale #Bitcoin #Blockchain #Token #ETH #Ethereum #TokenSale https://t.co/xAzmgepJW6,0
Mon Sep 17 13:37:01 +0000 2018,#ICO #Crowdsale @CustomcoinP #Bitcoin #Blockchain #Token #ETH #Ethereum #TokenSale https://t.co/eOEdzaio2t,0
Mon Sep 17 13:36:57 +0000 2018,#ICO #Crowdsale @CustomcoinP #Bitcoin #Blockchain #Token #ETH #Ethereum #TokenSale https://t.co/aCs930JlqV,0
Mon Sep 17 13:36:53 +0000 2018,#ICO #Crowdsale @CustomcoinP #Bitcoin #Blockchain #Token #ETH #Ethereum #TokenSale https://t.co/qM9x1lu1rI,0
Mon Sep 17 13:36:49 +0000 2018,#ICO #Crowdsale @CustomcoinP #Bitcoin #Blockchain #Token #ETH #Ethereum #TokenSale https://t.co/f7kXZe6caL,0
Mon Sep 17 13:36:45 +0000 2018,#ICO #Crowdsale @CustomcoinP #Bitcoin #Blockchain #Token #ETH #Ethereum #TokenSale https://t.co/mAW96ucBco,0
Mon Sep 17 13:36:41 +0000 2018,#ICO #Crowdsale @CustomcoinP #Bitcoin #Blockchain #Token #ETH #Ethereum #TokenSale https://t.co/61OQaO6pp0,0
Mon Sep 17 13:36:26 +0000 2018,#ICO #Crowdsale @CustomcoinP #Bitcoin #Blockchain #Token #ETH #Ethereum #TokenSale https://t.co/8hKcZitALZ,0
Mon Sep 17 13:36:11 +0000 2018,💎 Join the token-sale right now! https://t.co/nQxVKkONyV … 👈👈👈  🔥🔥🔥 Make a repost to save ICO market 🔥🔥🔥  #W12 #ICO… https://t.co/jO1bysUbdF,0
Mon Sep 17 13:35:38 +0000 2018,#STS #Wallet #ICO #MobileApp #ERC20 #Blockchain #ETH #BTC #cryptocurrency https://t.co/kzLXLxniOv,0
Mon Sep 17 13:34:17 +0000 2018,https://t.co/b8UIDFISa8  #ico #Cbnt #Cbnt.io #eth,0
Mon Sep 17 13:34:11 +0000 2018,#ico #Cbnt #Cbnt.io #eth https://t.co/b8UIDFISa8,0
Mon Sep 17 13:31:08 +0000 2018,#TMONEY #ICO is #LIVE! To buy #TMONEY tokens go to: https://t.co/9MqX9ucWhf  Current price 0.000213 ETH or $0.06 pe… https://t.co/aPkUZmcNsx,0
Mon Sep 17 13:24:57 +0000 2018,#ICO #Bitcoin @MyCryptoBank #Blockchain #Token #ETH #Ethereum https://t.co/FtNkMiri1v  #TokenSale https://t.co/5nnxzmq6Zj,0
Mon Sep 17 13:23:44 +0000 2018,Surfing is a sport that requires stamina  finesse and a great deal of agility along with discipline to obey by the… https://t.co/OFYE0nxd9G,0
Mon Sep 17 13:23:37 +0000 2018,#LipChain  #ICO #Crowdsale #Bitcoin #Blockchain #Token #ETH #Ethereum #TokenSale https://t.co/XX7LQ8GeRg,0
Mon Sep 17 13:16:22 +0000 2018,What is your #investment #strategy?  #crypto #cryptocurrency #blockchain #ETH #BTC #Bitcoin #fund… https://t.co/fpHNX9RyOU,4
Mon Sep 17 13:09:17 +0000 2018,Ethereum $ETH price: $217.58   QUICK! Sign up before Binance closes registration! 🚀 💸    ➡️ https://t.co/1MGT8sIMN8… https://t.co/9qwJmLwbkG,0
Mon Sep 17 12:08:18 +0000 2018,Week 4 completed! We'll review all your reports starting today. Please make sure you include your ApolloX ID and ET… https://t.co/cRfsJjpmjb,308
Mon Sep 17 12:04:14 +0000 2018,Please submit all your Week 6 reports to https://t.co/3bn8FA5kuP and don't forget to include your ApolloX ID and ET… https://t.co/xWUjPuhSuo,340
Mon Sep 17 09:21:42 +0000 2018,Week 4 completed! We'll review all your reports starting today. Please make sure you include your ApolloX ID and ET… https://t.co/cRfsJjpmjb,308
Mon Sep 17 08:21:24 +0000 2018,Please submit all your Week 6 reports to https://t.co/3bn8FA5kuP and don't forget to include your ApolloX ID and ET… https://t.co/xWUjPuhSuo,340
Mon Sep 17 05:12:04 +0000 2018,What is your #investment #strategy?  #crypto #cryptocurrency #blockchain #ETH #BTC #Bitcoin #fund… https://t.co/fpHNX9RyOU,4
Mon Sep 17 04:45:21 +0000 2018,What is your #investment #strategy?  #crypto #cryptocurrency #blockchain #ETH #BTC #Bitcoin #fund… https://t.co/fpHNX9RyOU,4
Mon Sep 17 04:33:54 +0000 2018,What is your #investment #strategy?  #crypto #cryptocurrency #blockchain #ETH #BTC #Bitcoin #fund… https://t.co/fpHNX9RyOU,4
Mon Sep 17 03:47:29 +0000 2018,Lisk $LSK price: $3.60   QUICK! Sign up before Binance closes registration! 🙌 🚀    ➡️ https://t.co/1MGT8sIMN8  $TFL… https://t.co/iPrxEVkcTe,0
Mon Sep 17 01:52:16 +0000 2018,Please submit all your Week 6 reports to https://t.co/3bn8FA5kuP and don't forget to include your ApolloX ID and ET… https://t.co/xWUjPuhSuo,340
