Sun Mar 18 23:53:35 +0000 2018,Have you downloaded Edge yet? We’re out of beta and in the App Store!  iOS: Edge - Bitcoin Wallet by Airbitz Inc… https://t.co/eRBfM0O7Mu,18
Sun Mar 18 22:59:00 +0000 2018,https://t.co/uoGNcriPAJ  #EQUI  #VentureCapital #cryptocurrency #ICO https://t.co/Kr6OiNpGkl,0
Sun Mar 18 22:51:23 +0000 2018,Have you downloaded Edge yet? We’re out of beta and in the App Store!  iOS: Edge - Bitcoin Wallet by Airbitz Inc… https://t.co/eRBfM0O7Mu,18
Sun Mar 18 22:48:27 +0000 2018,Have you downloaded Edge yet? We’re out of beta and in the App Store!  iOS: Edge - Bitcoin Wallet by Airbitz Inc… https://t.co/eRBfM0O7Mu,18
Sun Mar 18 21:52:52 +0000 2018,Bye 58.3 #Bull signs everywhere! The #threewhitesoldiers   #bullflag on the 15m  #macd exploding  #volume exploding… https://t.co/Hp0YbKOaqA,0
Sun Mar 18 21:36:04 +0000 2018,Tweet the most influential person in Blockchain &amp; Cryptocurrency and tag me! PR Opp &lt;3,19
Sun Mar 18 21:20:11 +0000 2018,Kelta Airdrop Round 2 📢 (Telegram Bot)  Get Free $KLT tokens (💵 Value: ~$1-5) here: https://t.co/wx4qllK16x  Like … https://t.co/ACkq5MkglB,1
Sun Mar 18 21:15:08 +0000 2018,South Korean Authorities Raid Three Cryptocurrency Exchanges https://t.co/KvybjWvAhv,0
Sun Mar 18 21:02:08 +0000 2018,A very bullish close on the 1hr charts.  This is a great sign. #bitcoin #xrp #ETHEREUM  #btc #ripple #ta #bulls… https://t.co/iEcwY7Gnsg,0
Sun Mar 18 20:49:14 +0000 2018,Bulls have major support forming below them ATM!  #WILLITHOLD #bulls #crypto #cryptocurrency  #cryptocurrencies… https://t.co/ozOsOrU45Y,0
Sun Mar 18 20:40:30 +0000 2018,#XYO Network Co-founder Markus Levin will be speaking at the San Francisco CB #Cryptocurrency #Blockchain Conferenc… https://t.co/sqxl3v9eHH,322
Sun Mar 18 20:39:19 +0000 2018,Curious About Crypto Currencies? Many of my friends have been surprised to learn ==&gt; https://t.co/xxwQlNjnpy  &lt;==… https://t.co/Xqkwe6y1Zg,1
Sun Mar 18 20:32:02 +0000 2018,Curious About Crypto Currencies? Many of my friends have been surprised to learn ==&gt; https://t.co/xxwQlNjnpy  &lt;==… https://t.co/Xqkwe6y1Zg,1
Sun Mar 18 20:26:35 +0000 2018,MineFIL Airdrop 📢 (Telegram)  Get 98 Free $MFIL Tokens here: https://t.co/czxOOZplqZ  Like  follow &amp; Retweet!  #ico… https://t.co/A7QYs8qK1o,0
Sun Mar 18 20:17:48 +0000 2018,RPM Blockchain Airdrop 📢  Get 28 Free RPM Tokens here: https://t.co/bboahfmC1c  Like  follow &amp; Retweet!  #ico… https://t.co/a13BRxpk2S,2
Sun Mar 18 19:47:42 +0000 2018,Bitcoin:  PayPal warns users about ban on cryptocurrency https://t.co/HLh5nPh5pv,8
Sun Mar 18 19:22:08 +0000 2018,Bitcoin:  PayPal warns users about ban on cryptocurrency https://t.co/HLh5nPh5pv,8
Sun Mar 18 18:58:31 +0000 2018,Promicoin Airdrop 📢 (Telegram)  Get 150 Free Promicoins here: https://t.co/s2cJ4HeuSy  #ico #token #airdrop… https://t.co/WSkSuIAT5t,0
Sun Mar 18 18:23:11 +0000 2018,Bitcoin:  PayPal warns users about ban on cryptocurrency https://t.co/HLh5nPh5pv,8
Sun Mar 18 18:08:09 +0000 2018,https://t.co/T3MiRoKSDF : Twitter may be the next to ban cryptocurrency ads https://t.co/lquXN9b4Ii,0
Sun Mar 18 18:06:06 +0000 2018,TOYS ALERT! Twitter may be the next to ban cryptocurrency ads https://t.co/YHbBEPoc35 https://t.co/TVaWzWt8Hv,0
Sun Mar 18 18:03:02 +0000 2018,Our latest blog entry is up! Get an update on the empowr cryptocurrency. #empowr #empowrcoin #Crypto #Blockchain… https://t.co/ZygXDjLzdx,116
Sun Mar 18 18:00:34 +0000 2018,Hot off the press! The Lunafi Daily is out now  with the latest #cryptocurrency and #blockchain news! https://t.co/mtOEQ8dRzn,0
Sun Mar 18 17:20:00 +0000 2018,empowr  the inventor of virtual currency  announces plans to transform its native virtual currency into cryptocurre… https://t.co/7wrRvvzwkn,138
Sun Mar 18 16:58:56 +0000 2018,empowr  the inventor of virtual currency  announces plans to transform its native virtual currency into cryptocurre… https://t.co/7wrRvvzwkn,138
Sun Mar 18 16:58:44 +0000 2018,Our latest blog entry is up! Get an update on the empowr cryptocurrency. #empowr #empowrcoin #Crypto #Blockchain… https://t.co/ZygXDjLzdx,116
Sun Mar 18 16:54:19 +0000 2018,Join Scott Scheper  one of the XYO Network founders  at "Crypto Never Sleeps" Monday night in San Diego. XYO is the… https://t.co/ILuOCUhD3l,103
Sun Mar 18 16:50:29 +0000 2018,NEOCash Airdrop 📢 (Telegram)  Get 5 Free $NCH tokens here: https://t.co/WqVmno1vFK  Like  follow &amp; Retweet!  #ico… https://t.co/gigbZvwHIf,0
Sun Mar 18 16:12:22 +0000 2018,NASNetwork Airdrop  📢 (Telegram)  Get 10 Free $NAS (💵~ 4$) here: https://t.co/nCRkvRQJQB  Like  Follow &amp; Retweet!… https://t.co/DX9Foecd6B,2
Sun Mar 18 15:56:49 +0000 2018,empowr  the inventor of virtual currency  announces plans to transform its native virtual currency into cryptocurre… https://t.co/7wrRvvzwkn,138
Sun Mar 18 15:56:44 +0000 2018,Our latest blog entry is up! Get an update on the empowr cryptocurrency. #empowr #empowrcoin #Crypto #Blockchain… https://t.co/ZygXDjLzdx,116
Sun Mar 18 15:48:36 +0000 2018,One reason I advocate for Cryptocurrency is wealth redistribution through innovation. By no fault of their own  tho… https://t.co/Y1Hav3sacq,31
Sun Mar 18 15:35:32 +0000 2018,empowr  the inventor of virtual currency  announces plans to transform its native virtual currency into cryptocurre… https://t.co/7wrRvvzwkn,138
Sun Mar 18 15:30:15 +0000 2018,Bitcoin:  PayPal warns users about ban on cryptocurrency https://t.co/HLh5nPh5pv,8
Sun Mar 18 15:14:09 +0000 2018,Bitcoin:  PayPal warns users about ban on cryptocurrency https://t.co/HLh5nPh5pv,8
Sun Mar 18 15:08:47 +0000 2018,Bitcoin:  PayPal warns users about ban on cryptocurrency https://t.co/HLh5nPh5pv,8
Sun Mar 18 14:52:59 +0000 2018,Our latest blog entry is up! Get an update on the empowr cryptocurrency. #empowr #empowrcoin #Crypto #Blockchain… https://t.co/ZygXDjLzdx,116
Sun Mar 18 14:44:08 +0000 2018,BEEPNOW Airdrop 📢 (Telegram)  Get Free BeepNow Tokens here: https://t.co/Zftqn7j3SL  Ends soon! Like &amp; Retweet!… https://t.co/NV9qdV7STf,3
Sun Mar 18 14:39:09 +0000 2018,One reason I advocate for Cryptocurrency is wealth redistribution through innovation. By no fault of their own  tho… https://t.co/Y1Hav3sacq,31
Sun Mar 18 14:38:24 +0000 2018,One reason I advocate for Cryptocurrency is wealth redistribution through innovation. By no fault of their own  tho… https://t.co/Y1Hav3sacq,31
Sun Mar 18 14:37:02 +0000 2018,Our latest blog entry is up! Get an update on the empowr cryptocurrency. #empowr #empowrcoin #Crypto #Blockchain… https://t.co/ZygXDjLzdx,116
Sun Mar 18 14:26:18 +0000 2018,One reason I advocate for Cryptocurrency is wealth redistribution through innovation. By no fault of their own  tho… https://t.co/Y1Hav3sacq,31
Sun Mar 18 14:08:31 +0000 2018,Have you downloaded Edge yet? We’re out of beta and in the App Store!  iOS: Edge - Bitcoin Wallet by Airbitz Inc… https://t.co/eRBfM0O7Mu,18
Sun Mar 18 14:01:06 +0000 2018,empowr  the inventor of virtual currency  announces plans to transform its native virtual currency into cryptocurre… https://t.co/7wrRvvzwkn,138
Sun Mar 18 14:00:53 +0000 2018,Our latest blog entry is up! Get an update on the empowr cryptocurrency. #empowr #empowrcoin #Crypto #Blockchain… https://t.co/ZygXDjLzdx,116
Sun Mar 18 14:00:06 +0000 2018,Tweet the most influential person in Blockchain &amp; Cryptocurrency and tag me! PR Opp &lt;3,19
Sun Mar 18 13:54:13 +0000 2018,Our latest blog entry is up! Get an update on the empowr cryptocurrency. #empowr #empowrcoin #Crypto #Blockchain… https://t.co/ZygXDjLzdx,116
Sun Mar 18 13:27:37 +0000 2018,Invest today &amp; get your 25% bonus! You can invest by signing up &amp; following the relevant steps on our website:… https://t.co/U4qYfSJvF7,0
Sun Mar 18 13:26:49 +0000 2018,Cryptocurrency Will Be an Integral Part of Daily Life  Lendingblock Survey Says https://t.co/nMq168tPi4,0
Sun Mar 18 13:15:04 +0000 2018,Have you joined the Smoke Airdrop?  -  I have thanks to @Smoke_io  #cryptocurrency #cannabis #airdrop #crypto https://t.co/Z6p2cBaVlD,2
Sun Mar 18 13:14:50 +0000 2018,Have you joined the Smoke Airdrop?  -  I have thanks to @Smoke_io  #cryptocurrency #cannabis #airdrop #crypto https://t.co/Z6p2cBaVlD,2
Sun Mar 18 13:14:36 +0000 2018,I think that #smokenetwork is going to take over the #cannabis #cryptocurrency scene! https://t.co/FhK5yh4QjA,0
Sun Mar 18 13:14:24 +0000 2018,Have you joined the Smoke Airdrop?  -  I have thanks to @Smoke_io  #cryptocurrency #cannabis #airdrop #crypto https://t.co/Z6p2cBaVlD,2
Sun Mar 18 13:00:03 +0000 2018,Grayscale Investments Announces Four New Cryptocurrency Investment Trusts - https://t.co/vldAUuvvYT,0
Sun Mar 18 12:53:09 +0000 2018,Playboy's entry into Cryptocurrency can Disrupt Several Major Industries - @Forbes  https://t.co/iHXz1WZPxE… https://t.co/Jb5azmM0QB,0
Sun Mar 18 12:49:21 +0000 2018,Our latest blog entry is up! Get an update on the empowr cryptocurrency. #empowr #empowrcoin #Crypto #Blockchain… https://t.co/ZygXDjLzdx,116
Sun Mar 18 12:36:51 +0000 2018,#cryptocurrency #expert Mr. SimonDingle says dat d future is #cryptocurrency  n #disregarding it requires u to stic… https://t.co/faXVf4ThbT,0
Sun Mar 18 12:15:18 +0000 2018,Our latest blog entry is up! Get an update on the empowr cryptocurrency. #empowr #empowrcoin #Crypto #Blockchain… https://t.co/ZygXDjLzdx,116
Sun Mar 18 12:09:52 +0000 2018,One reason I advocate for Cryptocurrency is wealth redistribution through innovation. By no fault of their own  tho… https://t.co/Y1Hav3sacq,31
Sun Mar 18 11:08:36 +0000 2018,XYO Token Generation Event is the only time XYO Tokens will ever be  generated and made available for sale directly… https://t.co/78JyzcD9ak,0
Sun Mar 18 11:06:17 +0000 2018,What the Crypto Investor Show in London was like? Read our summary: https://t.co/XZySU6CPC0 @show_crypto… https://t.co/vBtXFoVGw6,0
Sun Mar 18 10:52:07 +0000 2018,#Holon #Blockchain #Bitnation #DAO #ethereum #bitcoin #cryptocurrency #ICO #tokensale https://t.co/syXQ4hI84P https://t.co/6k0YedMvsu,0
Sun Mar 18 10:50:30 +0000 2018,Our latest blog entry is up! Get an update on the empowr cryptocurrency. #empowr #empowrcoin #Crypto #Blockchain… https://t.co/ZygXDjLzdx,116
Sun Mar 18 10:31:20 +0000 2018,Bitmain’s new $12K cryptocurrency miner might be useless by the time it ships https://t.co/VUo9LuEAy4,0
Sun Mar 18 09:35:16 +0000 2018,Vestarin started Video Blog on Youtube https://t.co/f0KwOpItOq …  #blockchain #vestarin #ico #crypto #ethereum… https://t.co/IawR93I8pe,0
Sun Mar 18 09:30:25 +0000 2018,🚀🚀3 more hours to go till we wrap up!! Go to https://t.co/KjGOf2Nr9H  to get your HADACoins now!🚀🚀  #HadaDBank… https://t.co/ooqIQQOcWr,0
Sun Mar 18 09:01:19 +0000 2018,Top 10 Bitcoin and Cryptocurrency Experts to Follow on Twitter and Facebook #twitter https://t.co/e7aZO7qw0h - 🚀 Gr… https://t.co/S68oIp8q0T,0
Sun Mar 18 08:13:11 +0000 2018,empowr  the inventor of virtual currency  announces plans to transform its native virtual currency into cryptocurre… https://t.co/7wrRvvzwkn,138
Sun Mar 18 07:44:18 +0000 2018,Our latest blog entry is up! Get an update on the empowr cryptocurrency. #empowr #empowrcoin #Crypto #Blockchain… https://t.co/ZygXDjLzdx,116
Sun Mar 18 07:42:26 +0000 2018,#XYO Network Co-founder Markus Levin will be speaking at the San Francisco CB #Cryptocurrency #Blockchain Conferenc… https://t.co/sqxl3v9eHH,322
Sun Mar 18 07:02:52 +0000 2018,https://t.co/N6kLcHddk7 #blockchain #bitcoin #easymoney #cryptocurrency #ripple #btc #lol #money #cash #ethereum… https://t.co/BFeVSJxYPi,5
Sun Mar 18 06:45:40 +0000 2018,https://t.co/N6kLcHddk7 #blockchain #bitcoin #easymoney #cryptocurrency #ripple #btc #lol #money #cash #ethereum… https://t.co/BFeVSJxYPi,5
Sun Mar 18 06:44:05 +0000 2018,https://t.co/N6kLcHddk7 #blockchain #bitcoin #easymoney #cryptocurrency #ripple #btc #lol #money #cash #ethereum… https://t.co/BFeVSJxYPi,5
Sun Mar 18 06:02:54 +0000 2018,empowr  the inventor of virtual currency  announces plans to transform its native virtual currency into cryptocurre… https://t.co/7wrRvvzwkn,138
Sun Mar 18 06:02:19 +0000 2018,Our latest blog entry is up! Get an update on the empowr cryptocurrency. #empowr #empowrcoin #Crypto #Blockchain… https://t.co/ZygXDjLzdx,116
Sun Mar 18 05:25:34 +0000 2018,iCoinPro #cryptocurrency #tradesmart #icoinpro #poloniex #YouTubeTaughtMe #bryanbruton #EducationForAll https://t.co/m3dYnm7qnZ,0
Sun Mar 18 05:23:44 +0000 2018,#bitcoin #bitcoinnews #Crypto #tradecrypto #Poloniex #education #icoinpro #buylowsellhigh #cryptocurrency,0
Sun Mar 18 05:23:24 +0000 2018,empowr  the inventor of virtual currency  announces plans to transform its native virtual currency into cryptocurre… https://t.co/7wrRvvzwkn,138
Sun Mar 18 05:23:12 +0000 2018,Our latest blog entry is up! Get an update on the empowr cryptocurrency. #empowr #empowrcoin #Crypto #Blockchain… https://t.co/ZygXDjLzdx,116
Sun Mar 18 05:21:53 +0000 2018,Our latest blog entry is up! Get an update on the empowr cryptocurrency. #empowr #empowrcoin #Crypto #Blockchain… https://t.co/ZygXDjLzdx,116
Sun Mar 18 04:51:09 +0000 2018,I liked a @YouTube video https://t.co/AJTpwDQUGG CryptALPHA 101 - Why You Need To Know How To Short Cryptocurrency,0
Sun Mar 18 04:18:05 +0000 2018,If you’re interested in #cryptocurrency or stock trading  be sure to check out @RobinhoodApp for fee-free transacti… https://t.co/5OJP0awJGc,1
Sun Mar 18 04:09:41 +0000 2018,Join Scott Scheper  one of the XYO Network founders  at "Crypto Never Sleeps" Monday night in San Diego. XYO is the… https://t.co/ILuOCUhD3l,103
Sun Mar 18 04:09:15 +0000 2018,#XYO Network Co-founder Markus Levin will be speaking at the San Francisco CB #Cryptocurrency #Blockchain Conferenc… https://t.co/sqxl3v9eHH,322
Sun Mar 18 04:02:02 +0000 2018,empowr  the inventor of virtual currency  announces plans to transform its native virtual currency into cryptocurre… https://t.co/7wrRvvzwkn,138
Sun Mar 18 04:01:53 +0000 2018,Our latest blog entry is up! Get an update on the empowr cryptocurrency. #empowr #empowrcoin #Crypto #Blockchain… https://t.co/ZygXDjLzdx,116
Sun Mar 18 03:41:50 +0000 2018,Have you downloaded Edge yet? We’re out of beta and in the App Store!  iOS: Edge - Bitcoin Wallet by Airbitz Inc… https://t.co/eRBfM0O7Mu,18
Sun Mar 18 03:36:06 +0000 2018,With the price of bitcoin skyrocketing  seems like a great time for empowr to launch their own cryptocurrency. Here… https://t.co/PSshXmKOn1,24
Sun Mar 18 03:31:26 +0000 2018,Did you know? empowr has been working on creating and sustaining an economy around virtual currency for nearly 20 y… https://t.co/DfqgbrVHac,64
Sun Mar 18 03:31:05 +0000 2018,To be clear: the empowr cryptocurrency isn’t an investment; it’s a utility coin that can be immediately used to pur… https://t.co/R2wPuLLxz0,66
Sun Mar 18 03:30:39 +0000 2018,empowr  the inventor of virtual currency  announces plans to transform its native virtual currency into cryptocurre… https://t.co/7wrRvvzwkn,138
Sun Mar 18 03:25:40 +0000 2018,Have you downloaded Edge yet? We’re out of beta and in the App Store!  iOS: Edge - Bitcoin Wallet by Airbitz Inc… https://t.co/eRBfM0O7Mu,18
Sun Mar 18 03:17:08 +0000 2018,Cryptocurrency Exchange Coinbase Introduces New Tax Calculator https://t.co/f4Od5hRTzd,0
Sun Mar 18 02:14:19 +0000 2018,This is fantastic! Thank you  @crypto_disrupt!  #Bitcoin #BitcoinCash #Litecoin #ETH #DASH #cryptocurrency… https://t.co/yZVDWztmUV,2
Sun Mar 18 02:10:24 +0000 2018,GIVEAWAY Promotion has begun. the world’s 1st decentralized cryptocurrency quotation and exchange platform，StockCha… https://t.co/bTPzWUxRsg,0
Sun Mar 18 02:09:40 +0000 2018,This is fantastic! Thank you  @crypto_disrupt!  #Bitcoin #BitcoinCash #Litecoin #ETH #DASH #cryptocurrency… https://t.co/yZVDWztmUV,2
Sun Mar 18 02:09:05 +0000 2018,This is fantastic! Thank you  @crypto_disrupt!  #Bitcoin #BitcoinCash #Litecoin #ETH #DASH #cryptocurrency… https://t.co/yZVDWztmUV,2
Sun Mar 18 00:47:39 +0000 2018,AKAIITO Tokens Sold: 423 052 AIC / 500 000 AIC #AKAIITO #ICO #ethereum #blockchain #token #AIC #Cryptocurrency #Tokenization #crypto,0
Sun Mar 18 00:43:26 +0000 2018,#Crypto #Blockchain #EQUI #VentureCapital #ether #ethereum #bitcoin #cryptocurrency #ICO #tokensale #btc… https://t.co/vF0X0zserk,0
