Sat Aug 25 23:56:51 +0000 2018,@emacbrough @CryptoPennyCO @Ripple Oh  wow  you're right! I got them the wrong way around!,2
Sat Aug 25 23:56:23 +0000 2018,Raybo will run for #TRONSR. Raybo has been committed to promoting decentralized distributed clearing technology rep… https://t.co/W3zgCSQujt,471
Sat Aug 25 23:51:14 +0000 2018,@BitConsultants @XRPTrump @shekenahglory @GDZ2018 @WietseWind @Ripple Over time  it becomes harder and harder to ge… https://t.co/QyCpXzGrTm,24
Sat Aug 25 23:45:48 +0000 2018,.@Ripple is #hiring a Senior Director of Corporate Development! Apply today https://t.co/lNfeFx7zWy via @greenhouse #jobs #fintech,30
Sat Aug 25 23:44:06 +0000 2018,Raybo will run for #TRONSR. Raybo has been committed to promoting decentralized distributed clearing technology rep… https://t.co/W3zgCSQujt,471
Sat Aug 25 23:27:39 +0000 2018,Raybo will run for #TRONSR. Raybo has been committed to promoting decentralized distributed clearing technology rep… https://t.co/W3zgCSQujt,471
Sat Aug 25 23:18:45 +0000 2018,Raybo will run for #TRONSR. Raybo has been committed to promoting decentralized distributed clearing technology rep… https://t.co/W3zgCSQujt,471
Sat Aug 25 23:16:14 +0000 2018,Raybo will run for #TRONSR. Raybo has been committed to promoting decentralized distributed clearing technology rep… https://t.co/W3zgCSQujt,471
Sat Aug 25 23:14:52 +0000 2018,Raybo will run for #TRONSR. Raybo has been committed to promoting decentralized distributed clearing technology rep… https://t.co/W3zgCSQujt,471
Sat Aug 25 23:14:47 +0000 2018,Raybo will run for #TRONSR. Raybo has been committed to promoting decentralized distributed clearing technology rep… https://t.co/W3zgCSQujt,471
Sat Aug 25 22:53:39 +0000 2018,Raybo will run for #TRONSR. Raybo has been committed to promoting decentralized distributed clearing technology rep… https://t.co/W3zgCSQujt,471
Sat Aug 25 22:53:24 +0000 2018,Raybo will run for #TRONSR. Raybo has been committed to promoting decentralized distributed clearing technology rep… https://t.co/W3zgCSQujt,471
Sat Aug 25 22:52:37 +0000 2018,Raybo will run for #TRONSR. Raybo has been committed to promoting decentralized distributed clearing technology rep… https://t.co/W3zgCSQujt,471
Sat Aug 25 22:51:48 +0000 2018,@XRPTrump @h0ezlater @emacbrough @CryptoPennyCO @Ripple 3) I'd prefer honest operators have aligned incentives just… https://t.co/BL9xZK1JOA,1
Sat Aug 25 22:51:30 +0000 2018,@XRPTrump @h0ezlater @emacbrough @CryptoPennyCO @Ripple 2) Supervision of malfunctioning or malicious validators is… https://t.co/dWd9TTmGtn,1
Sat Aug 25 22:51:12 +0000 2018,@XRPTrump @h0ezlater @emacbrough @CryptoPennyCO @Ripple 1) The cost is low and it's unlikely incentives are needed.… https://t.co/55rowcsRNx,1
Sat Aug 25 22:51:09 +0000 2018,@XRPTrump @h0ezlater @emacbrough @CryptoPennyCO @Ripple 3) I'd prefer honest operators have aligned incentives just… https://t.co/BL9xZK1JOA,1
Sat Aug 25 22:50:55 +0000 2018,@XRPTrump @h0ezlater @emacbrough @CryptoPennyCO @Ripple By the way  cobalt will make it possible to compensate vali… https://t.co/hhcLe4nlUF,1
Sat Aug 25 22:50:16 +0000 2018,@XRPTrump @h0ezlater @emacbrough @CryptoPennyCO @Ripple 2) Supervision of malfunctioning or malicious validators is… https://t.co/dWd9TTmGtn,1
Sat Aug 25 22:49:29 +0000 2018,@XRPTrump @h0ezlater @emacbrough @CryptoPennyCO @Ripple 1) The cost is low and it's unlikely incentives are needed.… https://t.co/55rowcsRNx,1
Sat Aug 25 22:48:54 +0000 2018,@XRPTrump @h0ezlater @emacbrough @CryptoPennyCO @Ripple By the way  cobalt will make it possible to compensate vali… https://t.co/hhcLe4nlUF,1
Sat Aug 25 22:37:00 +0000 2018,@XRPTrump @h0ezlater @emacbrough @CryptoPennyCO @Ripple Yep. I'd been thinking about both layers often before cobal… https://t.co/Ts2sOyLKOt,0
Sat Aug 25 22:33:15 +0000 2018,Raybo will run for #TRONSR. Raybo has been committed to promoting decentralized distributed clearing technology rep… https://t.co/W3zgCSQujt,471
Sat Aug 25 22:28:51 +0000 2018,.@Ripple is #hiring a Creative Director! Apply today https://t.co/sf94Gz1TrZ via @greenhouse #jobs #fintech,24
Sat Aug 25 22:21:12 +0000 2018,Raybo will run for #TRONSR. Raybo has been committed to promoting decentralized distributed clearing technology rep… https://t.co/W3zgCSQujt,471
Sat Aug 25 22:19:33 +0000 2018,.@Ripple is #hiring a Creative Director! Apply today https://t.co/sf94Gz1TrZ via @greenhouse #jobs #fintech,24
Sat Aug 25 22:05:42 +0000 2018,.@Ripple is #hiring a Senior Director of Corporate Development! Apply today https://t.co/lNfeFx7zWy via @greenhouse #jobs #fintech,30
Sat Aug 25 22:02:19 +0000 2018,Mass adoption incoming https://t.co/YurxeiCpw0 #xrp,0
Sat Aug 25 21:58:07 +0000 2018,Raybo will run for #TRONSR. Raybo has been committed to promoting decentralized distributed clearing technology rep… https://t.co/W3zgCSQujt,471
Sat Aug 25 21:44:52 +0000 2018,@CryptoPennyCO @JoelKatz @Ripple I would personally recommend for the tx processing algorithm something like Aardva… https://t.co/BmE9xEogsK,1
Sat Aug 25 21:40:54 +0000 2018,Raybo will run for #TRONSR. Raybo has been committed to promoting decentralized distributed clearing technology rep… https://t.co/W3zgCSQujt,471
Sat Aug 25 21:33:42 +0000 2018,Raybo will run for #TRONSR. Raybo has been committed to promoting decentralized distributed clearing technology rep… https://t.co/W3zgCSQujt,471
Sat Aug 25 21:32:48 +0000 2018,Raybo will run for #TRONSR. Raybo has been committed to promoting decentralized distributed clearing technology rep… https://t.co/W3zgCSQujt,471
Sat Aug 25 21:22:20 +0000 2018,.@Ripple is #hiring a Senior Director of Corporate Development! Apply today https://t.co/lNfeFx7zWy via @greenhouse #jobs #fintech,30
Sat Aug 25 21:22:16 +0000 2018,Raybo will run for #TRONSR. Raybo has been committed to promoting decentralized distributed clearing technology rep… https://t.co/W3zgCSQujt,471
Sat Aug 25 21:18:49 +0000 2018,@h0ezlater @emacbrough @CryptoPennyCO @Ripple I mixed up the part cobalt does with the part cobalt doesn't do! I li… https://t.co/xkc2lMiUfu,0
Sat Aug 25 21:12:54 +0000 2018,Raybo will run for #TRONSR. Raybo has been committed to promoting decentralized distributed clearing technology rep… https://t.co/W3zgCSQujt,471
Sat Aug 25 20:56:14 +0000 2018,Raybo will run for #TRONSR. Raybo has been committed to promoting decentralized distributed clearing technology rep… https://t.co/W3zgCSQujt,471
Sat Aug 25 20:38:57 +0000 2018,@y4hoo58 Ripple düşüş devam yani dimi doğru anlıyoruz 🙃,0
Sat Aug 25 20:33:16 +0000 2018,@CryptoPennyCO @JoelKatz @Ripple @joelkatz I disagree with your answer here. Cobalt IS the higher level governance… https://t.co/6Zua1NGTWc,2
Sat Aug 25 20:28:31 +0000 2018,@emacbrough @CryptoPennyCO @Ripple Oh  wow  you're right! I got them the wrong way around!,2
Sat Aug 25 20:10:04 +0000 2018,みんなのリップル(xrp) の予想          △上げ予想51%  ▼下げ予想49%   #仮想通貨 #xrpjpy #xrp #ripple #リップル  仮想通貨予想アプリ  https://t.co/4zp9ai38qB https://t.co/ijJjOgZegC,0
Sat Aug 25 20:10:00 +0000 2018,@CryptoPennyCO @JoelKatz @Ripple @joelkatz I disagree with your answer here. Cobalt IS the higher level governance… https://t.co/6Zua1NGTWc,2
Sat Aug 25 20:05:04 +0000 2018,@emacbrough @CryptoPennyCO @Ripple Oh  wow  you're right! I got them the wrong way around!,2
Sat Aug 25 20:04:34 +0000 2018,@CryptoPennyCO @JoelKatz @Ripple I would personally recommend for the tx processing algorithm something like Aardva… https://t.co/BmE9xEogsK,1
Sat Aug 25 20:03:12 +0000 2018,@CryptoPennyCO @JoelKatz @Ripple @joelkatz I disagree with your answer here. Cobalt IS the higher level governance… https://t.co/6Zua1NGTWc,2
Sat Aug 25 19:55:57 +0000 2018,@BitConsultants @XRPTrump @shekenahglory @GDZ2018 @WietseWind @Ripple Over time  it becomes harder and harder to ge… https://t.co/QyCpXzGrTm,24
Sat Aug 25 19:51:23 +0000 2018,@BitConsultants @XRPTrump @shekenahglory @GDZ2018 @WietseWind @Ripple Over time  it becomes harder and harder to ge… https://t.co/QyCpXzGrTm,24
Sat Aug 25 19:50:00 +0000 2018,.@Ripple is #hiring a Senior Director of Corporate Development! Apply today https://t.co/lNfeFx7zWy via @greenhouse #jobs #fintech,30
Sat Aug 25 19:49:00 +0000 2018,Raybo will run for #TRONSR. Raybo has been committed to promoting decentralized distributed clearing technology rep… https://t.co/W3zgCSQujt,471
Sat Aug 25 19:41:37 +0000 2018,Raybo will run for #TRONSR. Raybo has been committed to promoting decentralized distributed clearing technology rep… https://t.co/W3zgCSQujt,471
Sat Aug 25 19:28:54 +0000 2018,.@Ripple is #hiring a Senior Director of Corporate Development! Apply today https://t.co/lNfeFx7zWy via @greenhouse #jobs #fintech,30
Sat Aug 25 19:23:00 +0000 2018,.@Ripple is #hiring a Senior Director of Corporate Development! Apply today https://t.co/lNfeFx7zWy via @greenhouse #jobs #fintech,30
Sat Aug 25 19:19:15 +0000 2018,Raybo will run for #TRONSR. Raybo has been committed to promoting decentralized distributed clearing technology rep… https://t.co/W3zgCSQujt,471
Sat Aug 25 19:13:34 +0000 2018,Raybo will run for #TRONSR. Raybo has been committed to promoting decentralized distributed clearing technology rep… https://t.co/W3zgCSQujt,471
Sat Aug 25 19:02:00 +0000 2018,.@Ripple is #hiring a Senior Director of Corporate Development! Apply today https://t.co/lNfeFx7zWy via @greenhouse #jobs #fintech,30
Sat Aug 25 18:44:56 +0000 2018,.@Ripple is #hiring a Senior Director of Corporate Development! Apply today https://t.co/lNfeFx7zWy via @greenhouse #jobs #fintech,30
Sat Aug 25 18:44:04 +0000 2018,August 25th's market analysis present to you by TokenInsight! #cypto #cryptocurrency #bitcoin #analysis #BTC… https://t.co/P1tjP5Qrv0,0
Sat Aug 25 18:40:49 +0000 2018,.@Ripple is #hiring a Senior Director of Corporate Development! Apply today https://t.co/lNfeFx7zWy via @greenhouse #jobs #fintech,30
Sat Aug 25 18:37:46 +0000 2018,@BitConsultants @haydentiff @cryptotux @XRPTrump @shekenahglory @GDZ2018 @WietseWind @Ripple Everyone currently par… https://t.co/6Wr3jQNo9K,5
Sat Aug 25 18:33:45 +0000 2018,Raybo will run for #TRONSR. Raybo has been committed to promoting decentralized distributed clearing technology rep… https://t.co/W3zgCSQujt,471
Sat Aug 25 18:29:35 +0000 2018,.@Ripple is #hiring a Senior Director of Corporate Development! Apply today https://t.co/lNfeFx7zWy via @greenhouse #jobs #fintech,30
Sat Aug 25 18:26:32 +0000 2018,@BitConsultants @haydentiff @cryptotux @XRPTrump @shekenahglory @GDZ2018 @WietseWind @Ripple Everyone currently par… https://t.co/6Wr3jQNo9K,5
Sat Aug 25 18:25:31 +0000 2018,@BitConsultants @XRPTrump @shekenahglory @GDZ2018 @WietseWind @Ripple Over time  it becomes harder and harder to ge… https://t.co/QyCpXzGrTm,24
Sat Aug 25 18:15:16 +0000 2018,@BitConsultants @haydentiff @cryptotux @XRPTrump @shekenahglory @GDZ2018 @WietseWind @Ripple Everyone currently par… https://t.co/6Wr3jQNo9K,5
Sat Aug 25 18:08:15 +0000 2018,@BitConsultants @haydentiff @cryptotux @XRPTrump @shekenahglory @GDZ2018 @WietseWind @Ripple Everyone currently par… https://t.co/6Wr3jQNo9K,5
Sat Aug 25 18:07:07 +0000 2018,@BitConsultants @haydentiff @cryptotux @XRPTrump @shekenahglory @GDZ2018 @WietseWind @Ripple Everyone currently par… https://t.co/6Wr3jQNo9K,5
Sat Aug 25 18:06:29 +0000 2018,@BitConsultants @XRPTrump @shekenahglory @GDZ2018 @WietseWind @Ripple Over time  it becomes harder and harder to ge… https://t.co/QyCpXzGrTm,24
Sat Aug 25 18:00:24 +0000 2018,.@Ripple is #hiring a Senior Director of Corporate Development! Apply today https://t.co/lNfeFx7zWy via @greenhouse #jobs #fintech,30
Sat Aug 25 17:48:04 +0000 2018,.@Ripple is #hiring a Senior Director of Corporate Development! Apply today https://t.co/lNfeFx7zWy via @greenhouse #jobs #fintech,30
Sat Aug 25 17:47:10 +0000 2018,Raybo will run for #TRONSR. Raybo has been committed to promoting decentralized distributed clearing technology rep… https://t.co/W3zgCSQujt,471
Sat Aug 25 17:44:25 +0000 2018,@BitConsultants @haydentiff @cryptotux @XRPTrump @shekenahglory @GDZ2018 @WietseWind @Ripple Everyone currently par… https://t.co/6Wr3jQNo9K,5
Sat Aug 25 17:35:03 +0000 2018,.@Ripple is #hiring a Senior Director of Corporate Development! Apply today https://t.co/lNfeFx7zWy via @greenhouse #jobs #fintech,30
Sat Aug 25 17:34:05 +0000 2018,Raybo will run for #TRONSR. Raybo has been committed to promoting decentralized distributed clearing technology rep… https://t.co/W3zgCSQujt,471
Sat Aug 25 17:32:20 +0000 2018,.@Ripple is #hiring a Senior Director of Corporate Development! Apply today https://t.co/lNfeFx7zWy via @greenhouse #jobs #fintech,30
Sat Aug 25 17:25:31 +0000 2018,Raybo will run for #TRONSR. Raybo has been committed to promoting decentralized distributed clearing technology rep… https://t.co/W3zgCSQujt,471
Sat Aug 25 17:17:39 +0000 2018,Raybo will run for #TRONSR. Raybo has been committed to promoting decentralized distributed clearing technology rep… https://t.co/W3zgCSQujt,471
Sat Aug 25 17:09:32 +0000 2018,@BitConsultants @XRPTrump @shekenahglory @GDZ2018 @WietseWind @Ripple Over time  it becomes harder and harder to ge… https://t.co/QyCpXzGrTm,24
Sat Aug 25 17:08:59 +0000 2018,.@Ripple is #hiring a Senior Director of Corporate Development! Apply today https://t.co/lNfeFx7zWy via @greenhouse #jobs #fintech,30
Sat Aug 25 17:08:46 +0000 2018,@BitConsultants @XRPTrump @shekenahglory @GDZ2018 @WietseWind @Ripple Over time  it becomes harder and harder to ge… https://t.co/QyCpXzGrTm,24
Sat Aug 25 17:07:09 +0000 2018,.@Ripple is #hiring a Senior Director of Corporate Development! Apply today https://t.co/lNfeFx7zWy via @greenhouse #jobs #fintech,30
Sat Aug 25 17:05:47 +0000 2018,@BitConsultants @XRPTrump @shekenahglory @GDZ2018 @WietseWind @Ripple Over time  it becomes harder and harder to ge… https://t.co/QyCpXzGrTm,24
Sat Aug 25 16:55:07 +0000 2018,.@Ripple is #hiring a Senior Director of Corporate Development! Apply today https://t.co/lNfeFx7zWy via @greenhouse #jobs #fintech,30
Sat Aug 25 16:48:52 +0000 2018,Raybo will run for #TRONSR. Raybo has been committed to promoting decentralized distributed clearing technology rep… https://t.co/W3zgCSQujt,471
Sat Aug 25 16:45:51 +0000 2018,Ripple CTO claims XRP crypto coin ‘more decentralized’ than BTC - Coingeek https://t.co/b5gt8WPdmE https://t.co/dloeUI4TtZ,0
Sat Aug 25 16:37:58 +0000 2018,.@Ripple is #hiring a Senior Director of Corporate Development! Apply today https://t.co/lNfeFx7zWy via @greenhouse #jobs #fintech,30
Sat Aug 25 16:32:08 +0000 2018,.@Ripple is #hiring a Senior Director of Corporate Development! Apply today https://t.co/lNfeFx7zWy via @greenhouse #jobs #fintech,30
Sat Aug 25 16:26:04 +0000 2018,.@Ripple is #hiring a Senior Director of Corporate Development! Apply today https://t.co/lNfeFx7zWy via @greenhouse #jobs #fintech,30
Sat Aug 25 16:24:25 +0000 2018,Raybo will run for #TRONSR. Raybo has been committed to promoting decentralized distributed clearing technology rep… https://t.co/W3zgCSQujt,471
Sat Aug 25 16:22:12 +0000 2018,.@Ripple is #hiring a Senior Director of Corporate Development! Apply today https://t.co/lNfeFx7zWy via @greenhouse #jobs #fintech,30
Sat Aug 25 16:20:54 +0000 2018,Pay Attention to Ripple’s Undervalued (XRP) Coin as Innovation and Advancements are Piling Up… https://t.co/O3HsKKvwry,0
Sat Aug 25 16:15:13 +0000 2018,Raybo will run for #TRONSR. Raybo has been committed to promoting decentralized distributed clearing technology rep… https://t.co/W3zgCSQujt,471
Sat Aug 25 16:14:23 +0000 2018,@GDZ2018 @Ripple @Greenhouse So sorry to hear that!  Please feel free to DM me to send me your resume and which rol… https://t.co/4tmAthPosg,0
Sat Aug 25 16:10:30 +0000 2018,Ripple (XRP) is unfazed by unconditional hate from the rest of the crypto community | Captain Altcoin… https://t.co/6aE58aD3rK,0
Sat Aug 25 16:10:03 +0000 2018,みんなのリップル(xrp) の予想          △上げ予想50%  ▼下げ予想50%   #仮想通貨 #xrpjpy #xrp #ripple #リップル  仮想通貨予想アプリ  https://t.co/4zp9ai38qB https://t.co/Tee9rerDE1,0
Sat Aug 25 16:09:20 +0000 2018,.@Ripple is #hiring a Senior Director of Corporate Development! Apply today https://t.co/lNfeFx7zWy via @greenhouse #jobs #fintech,30
Sat Aug 25 16:04:09 +0000 2018,Raybo will run for #TRONSR. Raybo has been committed to promoting decentralized distributed clearing technology rep… https://t.co/W3zgCSQujt,471
Sat Aug 25 16:02:51 +0000 2018,.@Ripple is #hiring a Senior Director of Corporate Development! Apply today https://t.co/lNfeFx7zWy via @greenhouse #jobs #fintech,30
Sat Aug 25 16:02:48 +0000 2018,.@Ripple is #hiring a Senior Director of Corporate Development! Apply today https://t.co/lNfeFx7zWy via @greenhouse #jobs #fintech,30
