Mon Sep 03 23:54:52 +0000 2018,Raybo will run for #TRONSR. Raybo has been committed to promoting decentralized distributed clearing technology rep… https://t.co/W3zgCSQujt,534
Mon Sep 03 23:34:54 +0000 2018,Expanding our design team with key role at Ripple and #hiring a Creative Director! Apply today… https://t.co/1iQsrltTOJ,30
Mon Sep 03 23:33:37 +0000 2018,Raybo will run for #TRONSR. Raybo has been committed to promoting decentralized distributed clearing technology rep… https://t.co/W3zgCSQujt,534
Mon Sep 03 23:25:56 +0000 2018,Raybo will run for #TRONSR. Raybo has been committed to promoting decentralized distributed clearing technology rep… https://t.co/W3zgCSQujt,534
Mon Sep 03 23:15:01 +0000 2018,Raybo will run for #TRONSR. Raybo has been committed to promoting decentralized distributed clearing technology rep… https://t.co/W3zgCSQujt,534
Mon Sep 03 23:13:31 +0000 2018,Expanding our design team with key role at Ripple and #hiring a Creative Director! Apply today… https://t.co/1iQsrltTOJ,30
Mon Sep 03 22:59:20 +0000 2018,Raybo will run for #TRONSR. Raybo has been committed to promoting decentralized distributed clearing technology rep… https://t.co/W3zgCSQujt,534
Mon Sep 03 22:42:36 +0000 2018,Raybo will run for #TRONSR. Raybo has been committed to promoting decentralized distributed clearing technology rep… https://t.co/W3zgCSQujt,534
Mon Sep 03 22:36:49 +0000 2018,Raybo will run for #TRONSR. Raybo has been committed to promoting decentralized distributed clearing technology rep… https://t.co/W3zgCSQujt,534
Mon Sep 03 22:30:51 +0000 2018,Raybo will run for #TRONSR. Raybo has been committed to promoting decentralized distributed clearing technology rep… https://t.co/W3zgCSQujt,534
Mon Sep 03 22:18:31 +0000 2018,Raybo will run for #TRONSR. Raybo has been committed to promoting decentralized distributed clearing technology rep… https://t.co/W3zgCSQujt,534
Mon Sep 03 22:07:34 +0000 2018,Raybo will run for #TRONSR. Raybo has been committed to promoting decentralized distributed clearing technology rep… https://t.co/W3zgCSQujt,534
Mon Sep 03 22:07:28 +0000 2018,Raybo will run for #TRONSR. Raybo has been committed to promoting decentralized distributed clearing technology rep… https://t.co/W3zgCSQujt,534
Mon Sep 03 22:05:22 +0000 2018,Raybo will run for #TRONSR. Raybo has been committed to promoting decentralized distributed clearing technology rep… https://t.co/W3zgCSQujt,534
Mon Sep 03 21:55:52 +0000 2018,@NickTheSilent @haydentiff @direnyagiz @Ripple @Hodor7777 @bgarlinghouse @MoneyGram What you've done is carefully s… https://t.co/2AT72flr5a,11
Mon Sep 03 21:55:38 +0000 2018,@NickTheSilent @haydentiff @direnyagiz @Ripple @Hodor7777 @bgarlinghouse @MoneyGram As for why not use VISA  becaus… https://t.co/o2tu2h7pCg,5
Mon Sep 03 21:54:36 +0000 2018,Raybo will run for #TRONSR. Raybo has been committed to promoting decentralized distributed clearing technology rep… https://t.co/W3zgCSQujt,534
Mon Sep 03 21:54:32 +0000 2018,@NickTheSilent @haydentiff @direnyagiz @Ripple @Hodor7777 @bgarlinghouse @MoneyGram I don't think you can flesh thi… https://t.co/sm55k4tbHf,5
Mon Sep 03 21:51:19 +0000 2018,.@Ripple is #hiring a IAM Architect! Apply today https://t.co/mMZogcDzhZ via @greenhouse #jobs #fintech,18
Mon Sep 03 21:42:44 +0000 2018,@jaybny @NickTheSilent @haydentiff @direnyagiz @Ripple @Hodor7777 @bgarlinghouse @MoneyGram Sure. All the code is o… https://t.co/ZMgdJhOKCs,7
Mon Sep 03 21:42:17 +0000 2018,@NickTheSilent @haydentiff @direnyagiz @Ripple @Hodor7777 @bgarlinghouse @MoneyGram This is wrong on so many levels… https://t.co/23v19txCtN,14
Mon Sep 03 21:41:49 +0000 2018,@jaybny @NickTheSilent @haydentiff @direnyagiz @Ripple @Hodor7777 @bgarlinghouse @MoneyGram It's very important to… https://t.co/rkgivyPTKd,31
Mon Sep 03 21:20:32 +0000 2018,Raybo will run for #TRONSR. Raybo has been committed to promoting decentralized distributed clearing technology rep… https://t.co/W3zgCSQujt,534
Mon Sep 03 21:15:33 +0000 2018,@bitcoinjacket @ride_the_ripple @sassal0x @twobitidiot The point of XRP  at least as far as Ripple's use case is co… https://t.co/JJn2aq9njv,26
Mon Sep 03 20:51:13 +0000 2018,@bitcoinjacket @ride_the_ripple @sassal0x @twobitidiot The point of XRP  at least as far as Ripple's use case is co… https://t.co/JJn2aq9njv,26
Mon Sep 03 20:50:20 +0000 2018,@bitcoinjacket @ride_the_ripple @sassal0x @twobitidiot The point of XRP  at least as far as Ripple's use case is co… https://t.co/JJn2aq9njv,26
Mon Sep 03 20:49:44 +0000 2018,Raybo will run for #TRONSR. Raybo has been committed to promoting decentralized distributed clearing technology rep… https://t.co/W3zgCSQujt,534
Mon Sep 03 20:49:32 +0000 2018,.@Ripple is #hiring a IAM Architect! Apply today https://t.co/mMZogcDzhZ via @greenhouse #jobs #fintech,18
Mon Sep 03 20:32:13 +0000 2018,@bitcoinjacket @ride_the_ripple @sassal0x @twobitidiot The point of XRP  at least as far as Ripple's use case is co… https://t.co/JJn2aq9njv,26
Mon Sep 03 20:30:54 +0000 2018,Raybo will run for #TRONSR. Raybo has been committed to promoting decentralized distributed clearing technology rep… https://t.co/W3zgCSQujt,534
Mon Sep 03 20:25:48 +0000 2018,@bitcoinjacket @ride_the_ripple @sassal0x @twobitidiot The Internet grew largely due to the efforts of the governme… https://t.co/rKnoC2IyGe,7
Mon Sep 03 20:20:57 +0000 2018,XRP (Ripple) https://t.co/3W9xIX9zhr,0
Mon Sep 03 20:10:03 +0000 2018,みんなのリップル(xrp) の予想          △上げ予想57%  ▼下げ予想43%   #仮想通貨 #xrpjpy #xrp #ripple #リップル  仮想通貨予想アプリ  https://t.co/4zp9ai38qB https://t.co/DiJ8tNyxDF,0
Mon Sep 03 20:05:31 +0000 2018,Raybo will run for #TRONSR. Raybo has been committed to promoting decentralized distributed clearing technology rep… https://t.co/W3zgCSQujt,534
Mon Sep 03 19:55:57 +0000 2018,Raybo will run for #TRONSR. Raybo has been committed to promoting decentralized distributed clearing technology rep… https://t.co/W3zgCSQujt,534
Mon Sep 03 19:28:55 +0000 2018,Raybo will run for #TRONSR. Raybo has been committed to promoting decentralized distributed clearing technology rep… https://t.co/W3zgCSQujt,534
Mon Sep 03 19:05:47 +0000 2018,Raybo will run for #TRONSR. Raybo has been committed to promoting decentralized distributed clearing technology rep… https://t.co/W3zgCSQujt,534
Mon Sep 03 18:57:23 +0000 2018,Raybo will run for #TRONSR. Raybo has been committed to promoting decentralized distributed clearing technology rep… https://t.co/W3zgCSQujt,534
Mon Sep 03 18:56:11 +0000 2018,Raybo will run for #TRONSR. Raybo has been committed to promoting decentralized distributed clearing technology rep… https://t.co/W3zgCSQujt,534
Mon Sep 03 18:52:35 +0000 2018,.@Ripple is #hiring a IAM Architect! Apply today https://t.co/mMZogcDzhZ via @greenhouse #jobs #fintech,18
Mon Sep 03 18:46:05 +0000 2018,Raybo will run for #TRONSR. Raybo has been committed to promoting decentralized distributed clearing technology rep… https://t.co/W3zgCSQujt,534
Mon Sep 03 18:31:00 +0000 2018,A look at how the plight of mixed #immigration status families  like the one in Fresno County profiled in this… https://t.co/7QioLRwDw4,0
Mon Sep 03 18:26:36 +0000 2018,@ievgeniilarin @marcplanb KeyFlow Pro is one way to share media and libraries remotely  and have changes ripple thr… https://t.co/YQ3CYw9UzA,0
Mon Sep 03 18:23:10 +0000 2018,Raybo will run for #TRONSR. Raybo has been committed to promoting decentralized distributed clearing technology rep… https://t.co/W3zgCSQujt,534
Mon Sep 03 18:19:06 +0000 2018,Raybo will run for #TRONSR. Raybo has been committed to promoting decentralized distributed clearing technology rep… https://t.co/W3zgCSQujt,534
Mon Sep 03 18:03:01 +0000 2018,Long Live @Hodor7777  I swear they never give you enough credit when they quote your blogs https://t.co/esn1z7lUjH #XRP #XRPcommunity,0
Mon Sep 03 18:00:58 +0000 2018,Watch:: Proof that lives can change when given the chance and support @redfworks  The Ripple Effect of Social Enter… https://t.co/mqPVFMXkGt,5
Mon Sep 03 17:51:12 +0000 2018,Raybo will run for #TRONSR. Raybo has been committed to promoting decentralized distributed clearing technology rep… https://t.co/W3zgCSQujt,534
Mon Sep 03 17:49:59 +0000 2018,.@Ripple is #hiring a Engineering Manager  xRapid ! Apply today https://t.co/oVlb20spcw via @greenhouse #jobs #fintech,40
Mon Sep 03 17:32:10 +0000 2018,.@Ripple is #hiring a IAM Architect! Apply today https://t.co/mMZogcDzhZ via @greenhouse #jobs #fintech,18
Mon Sep 03 17:25:43 +0000 2018,.@Ripple is #hiring a Engineering Manager  xRapid ! Apply today https://t.co/oVlb20spcw via @greenhouse #jobs #fintech,40
Mon Sep 03 17:12:59 +0000 2018,.@Ripple is #hiring a IAM Architect! Apply today https://t.co/mMZogcDzhZ via @greenhouse #jobs #fintech,18
Mon Sep 03 17:00:22 +0000 2018,.@Ripple is #hiring a IAM Architect! Apply today https://t.co/mMZogcDzhZ via @greenhouse #jobs #fintech,18
Mon Sep 03 16:59:39 +0000 2018,.@Ripple is #hiring a IAM Architect! Apply today https://t.co/mMZogcDzhZ via @greenhouse #jobs #fintech,18
Mon Sep 03 16:51:55 +0000 2018,Raybo will run for #TRONSR. Raybo has been committed to promoting decentralized distributed clearing technology rep… https://t.co/W3zgCSQujt,534
Mon Sep 03 16:48:28 +0000 2018,Raybo will run for #TRONSR. Raybo has been committed to promoting decentralized distributed clearing technology rep… https://t.co/W3zgCSQujt,534
Mon Sep 03 16:47:45 +0000 2018,.@Ripple is #hiring a IAM Architect! Apply today https://t.co/mMZogcDzhZ via @greenhouse #jobs #fintech,18
Mon Sep 03 16:47:41 +0000 2018,Raybo will run for #TRONSR. Raybo has been committed to promoting decentralized distributed clearing technology rep… https://t.co/W3zgCSQujt,534
Mon Sep 03 16:41:16 +0000 2018,.@Ripple is #hiring a IAM Architect! Apply today https://t.co/mMZogcDzhZ via @greenhouse #jobs #fintech,18
Mon Sep 03 16:35:33 +0000 2018,Without reflection  compassion and healing  we are more likely to misunderstand each other through the lens of our… https://t.co/hPo06rx6xN,0
Mon Sep 03 16:34:02 +0000 2018,Western Union Explore Settlement Project With Ripple  https://t.co/S0OKp2EPCG,0
Mon Sep 03 16:18:44 +0000 2018,@bitcoinjacket @ride_the_ripple @sassal0x @twobitidiot The point of XRP  at least as far as Ripple's use case is co… https://t.co/JJn2aq9njv,26
Mon Sep 03 16:18:29 +0000 2018,.@Ripple is #hiring a IAM Architect! Apply today https://t.co/mMZogcDzhZ via @greenhouse #jobs #fintech,18
Mon Sep 03 16:14:57 +0000 2018,A honest comparison of #Ethereum #Corda #Ripple #Stellar and more:  https://t.co/NejfgzJZWy,1
Mon Sep 03 16:10:03 +0000 2018,みんなのリップル(xrp) の予想          △上げ予想59%  ▼下げ予想41%   #仮想通貨 #xrpjpy #xrp #ripple #リップル  仮想通貨予想アプリ  https://t.co/4zp9ai38qB https://t.co/RCSxuZTk1m,0
Mon Sep 03 16:07:06 +0000 2018,.@Ripple is #hiring a IAM Architect! Apply today https://t.co/mMZogcDzhZ via @greenhouse #jobs #fintech,18
Mon Sep 03 16:06:51 +0000 2018,.@Ripple is #hiring a IAM Architect! Apply today https://t.co/mMZogcDzhZ via @greenhouse #jobs #fintech,18
Mon Sep 03 16:06:09 +0000 2018,.@Ripple is #hiring a IAM Architect! Apply today https://t.co/mMZogcDzhZ via @greenhouse #jobs #fintech,18
Mon Sep 03 16:02:41 +0000 2018,.@Ripple is #hiring a IAM Architect! Apply today https://t.co/mMZogcDzhZ via @greenhouse #jobs #fintech,18
Mon Sep 03 16:01:49 +0000 2018,.@Ripple is #hiring a IAM Architect! Apply today https://t.co/mMZogcDzhZ via @greenhouse #jobs #fintech,18
Mon Sep 03 16:00:29 +0000 2018,.@Ripple is #hiring a IAM Architect! Apply today https://t.co/mMZogcDzhZ via @greenhouse #jobs #fintech,18
Mon Sep 03 16:00:08 +0000 2018,Why did we choose  of all countries  preferred partners in Mexico and the Philippines? The four largest incoming re… https://t.co/nzW9YQNsFL,301
Mon Sep 03 15:59:03 +0000 2018,Raybo will run for #TRONSR. Raybo has been committed to promoting decentralized distributed clearing technology rep… https://t.co/W3zgCSQujt,534
Mon Sep 03 15:50:10 +0000 2018,Raybo will run for #TRONSR. Raybo has been committed to promoting decentralized distributed clearing technology rep… https://t.co/W3zgCSQujt,534
Mon Sep 03 15:08:19 +0000 2018,@davidgerard @Ripple I really want the SEC to come down like the hammer of Thor on Ripple the company for creating … https://t.co/Lt7jkjAgZ4,4
Mon Sep 03 14:13:48 +0000 2018,@bitcoinjacket @ride_the_ripple @sassal0x @twobitidiot "Don't include these guys in the revolution because I don't… https://t.co/xM7tQ4Sr1P,17
Mon Sep 03 14:07:27 +0000 2018,Raybo will run for #TRONSR. Raybo has been committed to promoting decentralized distributed clearing technology rep… https://t.co/W3zgCSQujt,534
Mon Sep 03 13:40:21 +0000 2018,Raybo will run for #TRONSR. Raybo has been committed to promoting decentralized distributed clearing technology rep… https://t.co/W3zgCSQujt,534
Mon Sep 03 13:32:25 +0000 2018,There is a road  no simple highway Between the dawn &amp; the dark of night And if you go no one may follow That path i… https://t.co/WVwCMU08qY,0
Mon Sep 03 12:52:04 +0000 2018,Raybo will run for #TRONSR. Raybo has been committed to promoting decentralized distributed clearing technology rep… https://t.co/W3zgCSQujt,534
Mon Sep 03 12:46:58 +0000 2018,Expanding our design team with key role at Ripple and #hiring a Creative Director! Apply today… https://t.co/1iQsrltTOJ,30
Mon Sep 03 12:28:46 +0000 2018,Raybo will run for #TRONSR. Raybo has been committed to promoting decentralized distributed clearing technology rep… https://t.co/W3zgCSQujt,534
Mon Sep 03 12:04:32 +0000 2018,@bitcoinjacket @ride_the_ripple @sassal0x @twobitidiot "Don't include these guys in the revolution because I don't… https://t.co/xM7tQ4Sr1P,17
Mon Sep 03 11:56:49 +0000 2018,Raybo will run for #TRONSR. Raybo has been committed to promoting decentralized distributed clearing technology rep… https://t.co/W3zgCSQujt,534
Mon Sep 03 11:25:44 +0000 2018,@peter_zacharias @WSERR1975 @PirateXr @londonbrut007 @slinuxuzer @AlexCobb_ @Ripple Smaller banks tend to be move f… https://t.co/HB3bqMoaST,13
Mon Sep 03 11:23:35 +0000 2018,@peter_zacharias @WSERR1975 @PirateXr @londonbrut007 @slinuxuzer @AlexCobb_ @Ripple Smaller banks tend to be move f… https://t.co/HB3bqMoaST,13
Mon Sep 03 11:09:42 +0000 2018,A honest comparison of #Ethereum #Corda #Ripple #Stellar and more:  https://t.co/NejfgzJZWy,1
Mon Sep 03 10:42:40 +0000 2018,Expanding our design team with key role at Ripple and #hiring a Creative Director! Apply today… https://t.co/1iQsrltTOJ,30
