Sun Apr 22 23:59:48 +0000 2018,STOP BUYING GARBAGE #PENNYSTOCKS !!!!!!!!!!!!  GET READY TO MAKE  HISTORY. GET READY TO MAKE INSANE PROFITS ON MAY… https://t.co/GPazlhVola,313
Sun Apr 22 23:58:59 +0000 2018,STOP BUYING GARBAGE #PENNYSTOCKS !!!!!!!!!!!!  GET READY TO MAKE  HISTORY. GET READY TO MAKE INSANE PROFITS ON MAY… https://t.co/GPazlhVola,313
Sun Apr 22 23:58:53 +0000 2018,WHEN I TWEET   THE FINANCIAL WORLD LISTENS !!!!!!!!  FOLLOW MY TWEETS AS IF UR LIFE DEPENDED ON IT !!!!!  #FOREX… https://t.co/tkEmZQDHui,1272
Sun Apr 22 23:58:27 +0000 2018,WHEN I TWEET   THE FINANCIAL WORLD LISTENS !!!!!!!!  FOLLOW MY TWEETS AS IF UR LIFE DEPENDED ON IT !!!!!  #FOREX… https://t.co/tkEmZQDHui,1272
Sun Apr 22 23:58:17 +0000 2018,#BMM IS HERE TO SAVE ALL THE #PENNYSTOCKS NEWBIES FROM THE $ANDI SCAM !!!!!!!!!  WAKE UP &amp; STOP DRINKING THE .....… https://t.co/U3iRBJomuf,1263
Sun Apr 22 23:57:14 +0000 2018,ON MAY 1ST   ALL MY HATERS WILL BE QUIET   I WILL BE RELEASING THE BIGGEST #PENNYSTOCK ALERT IN HUMAN HISTORY !!!… https://t.co/YJdvuE91gh,361
Sun Apr 22 23:56:43 +0000 2018,Ethereum’s price hit a high of $881.94 USD on 19th Dec  2017. #Bitcoin #btc #Ethereum #eth #litecoin #ltc… https://t.co/hjYOQitEXi,1527
Sun Apr 22 23:55:45 +0000 2018,#BMM IS HERE TO SAVE ALL THE #PENNYSTOCKS NEWBIES FROM THE $ANDI SCAM !!!!!!!!!  WAKE UP &amp; STOP DRINKING THE .....… https://t.co/U3iRBJomuf,1263
Sun Apr 22 23:55:23 +0000 2018,ON MAY 1ST   ALL MY HATERS WILL BE QUIET   I WILL BE RELEASING THE BIGGEST #PENNYSTOCK ALERT IN HUMAN HISTORY !!!… https://t.co/YJdvuE91gh,361
Sun Apr 22 23:55:03 +0000 2018,#BMM IS HERE TO SAVE ALL THE #PENNYSTOCKS NEWBIES FROM THE $ANDI SCAM !!!!!!!!!  WAKE UP &amp; STOP DRINKING THE .....… https://t.co/U3iRBJomuf,1263
Sun Apr 22 23:54:47 +0000 2018,WHEN I TWEET   THE FINANCIAL WORLD LISTENS !!!!!!!!  FOLLOW MY TWEETS AS IF UR LIFE DEPENDED ON IT !!!!!  #FOREX… https://t.co/tkEmZQDHui,1272
Sun Apr 22 23:54:43 +0000 2018,STOP BUYING GARBAGE #PENNYSTOCKS !!!!!!!!!!!!  GET READY TO MAKE  HISTORY. GET READY TO MAKE INSANE PROFITS ON MAY… https://t.co/GPazlhVola,313
Sun Apr 22 23:54:39 +0000 2018,#BMM IS HERE TO SAVE ALL THE #PENNYSTOCKS NEWBIES FROM THE $ANDI SCAM !!!!!!!!!  WAKE UP &amp; STOP DRINKING THE .....… https://t.co/U3iRBJomuf,1263
Sun Apr 22 23:53:54 +0000 2018,#BMM IS HERE TO SAVE ALL THE #PENNYSTOCKS NEWBIES FROM THE $ANDI SCAM !!!!!!!!!  WAKE UP &amp; STOP DRINKING THE .....… https://t.co/U3iRBJomuf,1263
Sun Apr 22 23:53:36 +0000 2018,ON MAY 1ST   THE MEGA #TEAMCRYPTO #PENNYSTOCKS ALERT WILL GO BEAST MODE !!!!  TURN UR $5 000 INVESTMENT INTO $200 0… https://t.co/4k26FunXeM,146
Sun Apr 22 23:53:19 +0000 2018,STOP BUYING GARBAGE #PENNYSTOCKS !!!!!!!!!!!!  GET READY TO MAKE  HISTORY. GET READY TO MAKE INSANE PROFITS ON MAY… https://t.co/GPazlhVola,313
Sun Apr 22 23:53:10 +0000 2018,ON MAY 1ST   ALL MY HATERS WILL BE QUIET   I WILL BE RELEASING THE BIGGEST #PENNYSTOCK ALERT IN HUMAN HISTORY !!!… https://t.co/YJdvuE91gh,361
Sun Apr 22 23:53:02 +0000 2018,ON MAY 1ST   ALL MY HATERS WILL BE QUIET   I WILL BE RELEASING THE BIGGEST #PENNYSTOCK ALERT IN HUMAN HISTORY !!!… https://t.co/YJdvuE91gh,361
Sun Apr 22 23:52:33 +0000 2018,ON MAY 1ST   ALL MY HATERS WILL BE QUIET   I WILL BE RELEASING THE BIGGEST #PENNYSTOCK ALERT IN HUMAN HISTORY !!!… https://t.co/YJdvuE91gh,361
Sun Apr 22 23:51:40 +0000 2018,#BMM IS HERE TO SAVE ALL THE #PENNYSTOCKS NEWBIES FROM THE $ANDI SCAM !!!!!!!!!  WAKE UP &amp; STOP DRINKING THE .....… https://t.co/U3iRBJomuf,1263
Sun Apr 22 23:51:26 +0000 2018,WHEN I TWEET   THE FINANCIAL WORLD LISTENS !!!!!!!!  FOLLOW MY TWEETS AS IF UR LIFE DEPENDED ON IT !!!!!  #FOREX… https://t.co/tkEmZQDHui,1272
Sun Apr 22 23:51:10 +0000 2018,STOP BUYING GARBAGE #PENNYSTOCKS !!!!!!!!!!!!  GET READY TO MAKE  HISTORY. GET READY TO MAKE INSANE PROFITS ON MAY… https://t.co/GPazlhVola,313
Sun Apr 22 23:51:02 +0000 2018,#BMM IS HERE TO SAVE ALL THE #PENNYSTOCKS NEWBIES FROM THE $ANDI SCAM !!!!!!!!!  WAKE UP &amp; STOP DRINKING THE .....… https://t.co/U3iRBJomuf,1263
Sun Apr 22 23:50:46 +0000 2018,STOP BUYING GARBAGE #PENNYSTOCKS !!!!!!!!!!!!  GET READY TO MAKE  HISTORY. GET READY TO MAKE INSANE PROFITS ON MAY… https://t.co/GPazlhVola,313
Sun Apr 22 23:49:45 +0000 2018,#BMM IS HERE TO SAVE ALL THE #PENNYSTOCKS NEWBIES FROM THE $ANDI SCAM !!!!!!!!!  WAKE UP &amp; STOP DRINKING THE .....… https://t.co/U3iRBJomuf,1263
Sun Apr 22 23:47:28 +0000 2018,Roughly 3 #ETH are created every 15 seconds (1 block). #Bitcoin #btc #Ethereum litecoin #ltc #blockchaintechnology… https://t.co/52qihjLCNQ,948
Sun Apr 22 23:47:22 +0000 2018,Roughly 3 #ETH are created every 15 seconds (1 block). #Bitcoin #btc #Ethereum litecoin #ltc #blockchaintechnology… https://t.co/52qihjLCNQ,948
Sun Apr 22 23:47:09 +0000 2018,#BMM IS HERE TO SAVE ALL THE #PENNYSTOCKS NEWBIES FROM THE $ANDI SCAM !!!!!!!!!  WAKE UP &amp; STOP DRINKING THE .....… https://t.co/U3iRBJomuf,1263
Sun Apr 22 23:46:50 +0000 2018,The #Ethereum #blockchain platform is extremely popular- 77.7% of all ICO company projects thus far have used it:… https://t.co/uOPw0nYhpG,1597
Sun Apr 22 23:46:08 +0000 2018,ON MAY 1ST   ALL MY HATERS WILL BE QUIET   I WILL BE RELEASING THE BIGGEST #PENNYSTOCK ALERT IN HUMAN HISTORY !!!… https://t.co/YJdvuE91gh,361
Sun Apr 22 23:45:56 +0000 2018,ON MAY 1ST   THE MEGA #TEAMCRYPTO #PENNYSTOCKS ALERT WILL GO BEAST MODE !!!!  TURN UR $5 000 INVESTMENT INTO $200 0… https://t.co/4k26FunXeM,146
Sun Apr 22 23:45:44 +0000 2018,ON MAY 1ST   THE MEGA #TEAMCRYPTO #PENNYSTOCKS ALERT WILL GO BEAST MODE !!!!  TURN UR $5 000 INVESTMENT INTO $200 0… https://t.co/4k26FunXeM,146
Sun Apr 22 23:44:52 +0000 2018,WHEN I TWEET   THE FINANCIAL WORLD LISTENS !!!!!!!!  FOLLOW MY TWEETS AS IF UR LIFE DEPENDED ON IT !!!!!  #FOREX… https://t.co/tkEmZQDHui,1272
Sun Apr 22 23:44:32 +0000 2018,#BMM IS HERE TO SAVE ALL THE #PENNYSTOCKS NEWBIES FROM THE $ANDI SCAM !!!!!!!!!  WAKE UP &amp; STOP DRINKING THE .....… https://t.co/U3iRBJomuf,1263
Sun Apr 22 23:44:24 +0000 2018,WHEN I TWEET   THE FINANCIAL WORLD LISTENS !!!!!!!!  FOLLOW MY TWEETS AS IF UR LIFE DEPENDED ON IT !!!!!  #FOREX… https://t.co/tkEmZQDHui,1272
Sun Apr 22 23:44:11 +0000 2018,#BMM IS HERE TO SAVE ALL THE #PENNYSTOCKS NEWBIES FROM THE $ANDI SCAM !!!!!!!!!  WAKE UP &amp; STOP DRINKING THE .....… https://t.co/U3iRBJomuf,1263
Sun Apr 22 23:43:25 +0000 2018,STOP BUYING GARBAGE #PENNYSTOCKS !!!!!!!!!!!!  GET READY TO MAKE  HISTORY. GET READY TO MAKE INSANE PROFITS ON MAY… https://t.co/GPazlhVola,313
Sun Apr 22 23:43:06 +0000 2018,#Australia is opening it's arms to #blockchain. Tell us your thoughts! https://t.co/xqyHIuTefJ #Bitcoin #btc… https://t.co/gdydgLpjUE,1223
Sun Apr 22 23:42:27 +0000 2018,#Australia is opening it's arms to #blockchain. Tell us your thoughts! https://t.co/xqyHIuTefJ #Bitcoin #btc… https://t.co/gdydgLpjUE,1223
Sun Apr 22 23:41:55 +0000 2018,ON MAY 1ST   ALL MY HATERS WILL BE QUIET   I WILL BE RELEASING THE BIGGEST #PENNYSTOCK ALERT IN HUMAN HISTORY !!!… https://t.co/YJdvuE91gh,361
Sun Apr 22 23:40:31 +0000 2018,WHEN I TWEET   THE FINANCIAL WORLD LISTENS !!!!!!!!  FOLLOW MY TWEETS AS IF UR LIFE DEPENDED ON IT !!!!!  #FOREX… https://t.co/tkEmZQDHui,1272
Sun Apr 22 23:40:13 +0000 2018,ON MAY 1ST   ALL MY HATERS WILL BE QUIET   I WILL BE RELEASING THE BIGGEST #PENNYSTOCK ALERT IN HUMAN HISTORY !!!… https://t.co/YJdvuE91gh,361
Sun Apr 22 23:39:42 +0000 2018,#BMM IS HERE TO SAVE ALL THE #PENNYSTOCKS NEWBIES FROM THE $ANDI SCAM !!!!!!!!!  WAKE UP &amp; STOP DRINKING THE .....… https://t.co/U3iRBJomuf,1263
Sun Apr 22 23:39:20 +0000 2018,#Australia is opening it's arms to #blockchain. Tell us your thoughts! https://t.co/xqyHIuTefJ #Bitcoin #btc… https://t.co/gdydgLpjUE,1223
Sun Apr 22 23:38:54 +0000 2018,WHEN I TWEET   THE FINANCIAL WORLD LISTENS !!!!!!!!  FOLLOW MY TWEETS AS IF UR LIFE DEPENDED ON IT !!!!!  #FOREX… https://t.co/tkEmZQDHui,1272
Sun Apr 22 23:38:46 +0000 2018,#Australia is opening it's arms to #blockchain. Tell us your thoughts! https://t.co/xqyHIuTefJ #Bitcoin #btc… https://t.co/gdydgLpjUE,1223
Sun Apr 22 23:38:29 +0000 2018,#BMM IS HERE TO SAVE ALL THE #PENNYSTOCKS NEWBIES FROM THE $ANDI SCAM !!!!!!!!!  WAKE UP &amp; STOP DRINKING THE .....… https://t.co/U3iRBJomuf,1263
Sun Apr 22 23:38:28 +0000 2018,Mastercard Eyes #Blockchain for Fighting Fake Identities https://t.co/sHHVWAaWbT #Bitcoin #btc #Ethereum #eth… https://t.co/QOGUMGId1Y,1202
Sun Apr 22 23:38:24 +0000 2018,#BMM IS HERE TO SAVE ALL THE #PENNYSTOCKS NEWBIES FROM THE $ANDI SCAM !!!!!!!!!  WAKE UP &amp; STOP DRINKING THE .....… https://t.co/U3iRBJomuf,1263
Sun Apr 22 23:37:54 +0000 2018,Roughly 3 #ETH are created every 15 seconds (1 block). #Bitcoin #btc #Ethereum litecoin #ltc #blockchaintechnology… https://t.co/52qihjLCNQ,948
Sun Apr 22 23:37:43 +0000 2018,#Australia is opening it's arms to #blockchain. Tell us your thoughts! https://t.co/xqyHIuTefJ #Bitcoin #btc… https://t.co/gdydgLpjUE,1223
Sun Apr 22 23:36:59 +0000 2018,WHEN I TWEET   THE FINANCIAL WORLD LISTENS !!!!!!!!  FOLLOW MY TWEETS AS IF UR LIFE DEPENDED ON IT !!!!!  #FOREX… https://t.co/tkEmZQDHui,1272
Sun Apr 22 23:36:56 +0000 2018,Mastercard Eyes #Blockchain for Fighting Fake Identities https://t.co/sHHVWAaWbT #Bitcoin #btc #Ethereum #eth… https://t.co/QOGUMGId1Y,1202
Sun Apr 22 23:36:55 +0000 2018,ON MAY 1ST   ALL MY HATERS WILL BE QUIET   I WILL BE RELEASING THE BIGGEST #PENNYSTOCK ALERT IN HUMAN HISTORY !!!… https://t.co/YJdvuE91gh,361
Sun Apr 22 23:36:33 +0000 2018,ON MAY 1ST   ALL MY HATERS WILL BE QUIET   I WILL BE RELEASING THE BIGGEST #PENNYSTOCK ALERT IN HUMAN HISTORY !!!… https://t.co/YJdvuE91gh,361
Sun Apr 22 23:35:52 +0000 2018,ON MAY 1ST   ALL MY HATERS WILL BE QUIET   I WILL BE RELEASING THE BIGGEST #PENNYSTOCK ALERT IN HUMAN HISTORY !!!… https://t.co/YJdvuE91gh,361
Sun Apr 22 23:35:43 +0000 2018,ON MAY 1ST   ALL MY HATERS WILL BE QUIET   I WILL BE RELEASING THE BIGGEST #PENNYSTOCK ALERT IN HUMAN HISTORY !!!… https://t.co/YJdvuE91gh,361
Sun Apr 22 23:35:34 +0000 2018,ON MAY 1ST   ALL MY HATERS WILL BE QUIET   I WILL BE RELEASING THE BIGGEST #PENNYSTOCK ALERT IN HUMAN HISTORY !!!… https://t.co/YJdvuE91gh,361
