Sun Sep 02 22:45:00 +0000 2018,Our @LinkedIn is a one-stop shop for information on #healthcarereform  #healthtech  #benefits and more. Have you jo… https://t.co/DkA2YSROzY,1
Sun Sep 02 18:22:32 +0000 2018,#BitcoinCash (BCH) Rises Significantly As Crypto Market Starts New Rally  https://t.co/Vmzp87Vew6 via @smartereum https://t.co/RV3naxPuH5,1
Sun Sep 02 17:42:33 +0000 2018,#BitcoinCash (BCH) Rises Significantly As Crypto Market Starts New Rally  https://t.co/Vmzp87Vew6 via @smartereum https://t.co/RV3naxPuH5,1
Sun Sep 02 14:29:40 +0000 2018,Any questions? $BTC $BCH https://t.co/H0OQeGizoW,0
