Wed May 09 21:41:05 +0000 2018,whenever this type of shit happens I'm always left wondering how often burglars are caught red handed. using luggag… https://t.co/0BzAh3qYt8,8
Wed May 09 21:34:17 +0000 2018,@jimadair3 @MJ_Baumann @briancgrubb He was also on Comedy Bang Bang as a Tron villain,0
Wed May 09 20:45:10 +0000 2018,@Knight_of_Tron Ain't that the ticking truth...,0
Wed May 09 17:06:58 +0000 2018,oh damn thats cool  i didnt know we were getting a tron airdrop into our eth wallet. free 🍞 is the best 🍞,0
Wed May 09 05:02:28 +0000 2018,Meet Subaru Owner Meloni Morrison's STI - Tron. What did your name your Subaru? https://t.co/tEtRzYqcRB,101
