Fri Mar 02 15:57:53 +0000 2018,@GeekingOnMusic @thebreeders So cool to have the OG lineup back in action! Stellar album,0
Fri Mar 02 13:40:58 +0000 2018,Chianti Classico: The Stellar 2015s and Surprising 2014s (Jan 2018) https://t.co/cNWO3kdKEu via @vinousmedia,0
Fri Mar 02 08:39:40 +0000 2018,Stellar $XLM price: $0.327159   Binance registration is ONLINE! We JUST checked! 🙌 🤑    ➡️ https://t.co/1MGT8sIMN8… https://t.co/SeSLCaZ1kt,0
