Wed Jan 31 20:33:16 +0000 2018,One Hacker Can Make $100M A Year With Evil Cryptocurrency Miners https://t.co/f9CpfiWso7  see more https://t.co/IVhqcLvkjR,0
Wed Jan 31 15:22:21 +0000 2018,Possible Litecoin and Monero Merger Steps Closer To Reality https://t.co/TkpoPSrBfl,0
Wed Jan 31 14:23:58 +0000 2018,Monero vs Bitcoin Which is Better? LIVE DEBATE https://t.co/89Txww7BEg,1
Wed Jan 31 14:22:17 +0000 2018,Monero vs Bitcoin Which is Better? LIVE DEBATE https://t.co/89Txww7BEg,1
