Fri Dec 15 23:59:54 +0000 2017,IOTA Foundation Launches Data Marketplace For #InternetOfThings #INDUSTRY https://t.co/h2RrDQYjrE #IoT #IIoT… https://t.co/dtyjWAOQP6,163
Fri Dec 15 23:59:53 +0000 2017,IOTA Foundation Launches Data Marketplace For #InternetOfThings #INDUSTRY https://t.co/h2RrDQYjrE #IoT #IIoT… https://t.co/dtyjWAOQP6,163
Fri Dec 15 23:59:52 +0000 2017,IOTA Foundation Launches Data Marketplace For #InternetOfThings #INDUSTRY https://t.co/h2RrDQYjrE #IoT #IIoT… https://t.co/dtyjWAOQP6,163
Fri Dec 15 23:59:49 +0000 2017,IOTA Foundation Launches Data Marketplace For #InternetOfThings #INDUSTRY https://t.co/h2RrDQYjrE #IoT #IIoT… https://t.co/dtyjWAOQP6,163
Fri Dec 15 23:59:47 +0000 2017,IOTA Foundation Launches Data Marketplace For #InternetOfThings #INDUSTRY https://t.co/h2RrDQYjrE #IoT #IIoT… https://t.co/dtyjWAOQP6,163
Fri Dec 15 23:59:37 +0000 2017,IOTA Foundation Launches Data Marketplace For #InternetOfThings #INDUSTRY https://t.co/h2RrDQYjrE #IoT #IIoT… https://t.co/dtyjWAOQP6,163
Fri Dec 15 23:59:34 +0000 2017,IOTA Foundation Launches Data Marketplace For #InternetOfThings #INDUSTRY https://t.co/h2RrDQYjrE #IoT #IIoT… https://t.co/dtyjWAOQP6,163
Fri Dec 15 23:59:29 +0000 2017,IOTA Foundation Launches Data Marketplace For #InternetOfThings #INDUSTRY https://t.co/h2RrDQYjrE #IoT #IIoT… https://t.co/dtyjWAOQP6,163
Fri Dec 15 23:59:28 +0000 2017,IOTA Foundation Launches Data Marketplace For #InternetOfThings #INDUSTRY https://t.co/h2RrDQYjrE #IoT #IIoT… https://t.co/dtyjWAOQP6,163
Fri Dec 15 23:59:10 +0000 2017,IOTA Foundation Launches Data Marketplace For #InternetOfThings #INDUSTRY https://t.co/h2RrDQYjrE #IoT #IIoT… https://t.co/dtyjWAOQP6,163
Fri Dec 15 23:59:08 +0000 2017,IOTA Foundation Launches Data Marketplace For #InternetOfThings #INDUSTRY https://t.co/h2RrDQYjrE #IoT #IIoT… https://t.co/dtyjWAOQP6,163
Fri Dec 15 23:59:04 +0000 2017,IOTA Foundation Launches Data Marketplace For #InternetOfThings #INDUSTRY https://t.co/h2RrDQYjrE #IoT #IIoT… https://t.co/dtyjWAOQP6,163
Fri Dec 15 23:58:56 +0000 2017,IOTA Foundation Launches Data Marketplace For #InternetOfThings #INDUSTRY https://t.co/h2RrDQYjrE #IoT #IIoT… https://t.co/dtyjWAOQP6,163
Fri Dec 15 23:58:54 +0000 2017,IOTA Foundation Launches Data Marketplace For #InternetOfThings #INDUSTRY https://t.co/h2RrDQYjrE #IoT #IIoT… https://t.co/dtyjWAOQP6,163
Fri Dec 15 23:58:46 +0000 2017,IOTA Foundation Launches Data Marketplace For #InternetOfThings #INDUSTRY https://t.co/h2RrDQYjrE #IoT #IIoT… https://t.co/dtyjWAOQP6,163
Fri Dec 15 23:55:36 +0000 2017,IOTA Foundation Launches Data Marketplace For #InternetOfThings #INDUSTRY https://t.co/h2RrDQYjrE #IoT #IIoT… https://t.co/dtyjWAOQP6,163
Fri Dec 15 23:55:32 +0000 2017,IOTA Foundation Launches Data Marketplace For #InternetOfThings #INDUSTRY https://t.co/h2RrDQYjrE #IoT #IIoT… https://t.co/dtyjWAOQP6,163
Fri Dec 15 23:55:07 +0000 2017,IOTA Foundation Launches Data Marketplace For #InternetOfThings #INDUSTRY https://t.co/h2RrDQYjrE #IoT #IIoT… https://t.co/dtyjWAOQP6,163
Fri Dec 15 23:54:56 +0000 2017,IOTA Foundation Launches Data Marketplace For #InternetOfThings #INDUSTRY https://t.co/h2RrDQYjrE #IoT #IIoT… https://t.co/dtyjWAOQP6,163
Fri Dec 15 23:54:55 +0000 2017,IOTA Foundation Launches Data Marketplace For #InternetOfThings #INDUSTRY https://t.co/h2RrDQYjrE #IoT #IIoT… https://t.co/dtyjWAOQP6,163
Fri Dec 15 23:54:46 +0000 2017,IOTA Foundation Launches Data Marketplace For #InternetOfThings #INDUSTRY https://t.co/h2RrDQYjrE #IoT #IIoT… https://t.co/dtyjWAOQP6,163
Fri Dec 15 23:54:34 +0000 2017,IOTA Foundation Launches Data Marketplace For #InternetOfThings #INDUSTRY https://t.co/h2RrDQYjrE #IoT #IIoT… https://t.co/dtyjWAOQP6,163
Fri Dec 15 23:54:23 +0000 2017,IOTA Foundation Launches Data Marketplace For #InternetOfThings #INDUSTRY https://t.co/h2RrDQYjrE #IoT #IIoT… https://t.co/dtyjWAOQP6,163
Fri Dec 15 23:51:35 +0000 2017,IOTA Foundation Launches Data Marketplace For #InternetOfThings #INDUSTRY https://t.co/h2RrDQYjrE #IoT #IIoT… https://t.co/dtyjWAOQP6,163
Fri Dec 15 23:49:51 +0000 2017,Here’s What Keeps #Bitcoin Developers Up at Night as the Price Hits $10 000 - Coinjournal https://t.co/5b2WsEkE0N b… https://t.co/6QXRufYoEo,3
Fri Dec 15 23:47:41 +0000 2017,Boon Coin Highlights: Our patent pending technology eliminates #volatility of #cryptocurrency #Bitcoin #ICO  https://t.co/NOS13Ib9zD,26
Fri Dec 15 23:44:52 +0000 2017,@bitstein Those who don't understand Bitcoin tend to reinvent it  badly.,3
Fri Dec 15 23:41:32 +0000 2017,What is Bitcoin really worth? Don’t even ask. https://t.co/rE3POfk1UD via @svbizjournal,0
Fri Dec 15 23:37:54 +0000 2017,Here’s What Keeps #Bitcoin Developers Up at Night as the Price Hits $10 000 - Coinjournal https://t.co/5b2WsEkE0N b… https://t.co/6QXRufYoEo,3
Fri Dec 15 23:37:33 +0000 2017,Here’s What Keeps #Bitcoin Developers Up at Night as the Price Hits $10 000 - Coinjournal https://t.co/5b2WsEkE0N b… https://t.co/6QXRufYoEo,3
Fri Dec 15 23:35:27 +0000 2017,Going by bitcoin mining analogy  you gotta churn 24/7/365 and wait for lady luck to strike. https://t.co/PCmqrX9Epd,0
Fri Dec 15 23:34:49 +0000 2017,IOTA Foundation Launches Data Marketplace For #InternetOfThings #INDUSTRY https://t.co/h2RrDQYjrE #IoT #IIoT… https://t.co/dtyjWAOQP6,163
Fri Dec 15 23:34:31 +0000 2017,IOTA Foundation Launches Data Marketplace For #InternetOfThings #INDUSTRY https://t.co/h2RrDQYjrE #IoT #IIoT… https://t.co/dtyjWAOQP6,163
Fri Dec 15 23:34:21 +0000 2017,IOTA Foundation Launches Data Marketplace For #InternetOfThings #INDUSTRY https://t.co/h2RrDQYjrE #IoT #IIoT… https://t.co/dtyjWAOQP6,163
Fri Dec 15 23:34:13 +0000 2017,IOTA Foundation Launches Data Marketplace For #InternetOfThings #INDUSTRY https://t.co/h2RrDQYjrE #IoT #IIoT… https://t.co/dtyjWAOQP6,163
Fri Dec 15 23:33:56 +0000 2017,IOTA Foundation Launches Data Marketplace For #InternetOfThings #INDUSTRY https://t.co/h2RrDQYjrE #IoT #IIoT… https://t.co/dtyjWAOQP6,163
Fri Dec 15 23:33:52 +0000 2017,IOTA Foundation Launches Data Marketplace For #InternetOfThings #INDUSTRY https://t.co/h2RrDQYjrE #IoT #IIoT… https://t.co/dtyjWAOQP6,163
Fri Dec 15 23:33:51 +0000 2017,IOTA Foundation Launches Data Marketplace For #InternetOfThings #INDUSTRY https://t.co/h2RrDQYjrE #IoT #IIoT… https://t.co/dtyjWAOQP6,163
Fri Dec 15 23:33:36 +0000 2017,IOTA Foundation Launches Data Marketplace For #InternetOfThings #INDUSTRY https://t.co/h2RrDQYjrE #IoT #IIoT… https://t.co/dtyjWAOQP6,163
Fri Dec 15 23:33:33 +0000 2017,IOTA Foundation Launches Data Marketplace For #InternetOfThings #INDUSTRY https://t.co/h2RrDQYjrE #IoT #IIoT… https://t.co/dtyjWAOQP6,163
Fri Dec 15 23:33:31 +0000 2017,IOTA Foundation Launches Data Marketplace For #InternetOfThings #INDUSTRY https://t.co/h2RrDQYjrE #IoT #IIoT… https://t.co/dtyjWAOQP6,163
Fri Dec 15 23:33:19 +0000 2017,IOTA Foundation Launches Data Marketplace For #InternetOfThings #INDUSTRY https://t.co/h2RrDQYjrE #IoT #IIoT… https://t.co/dtyjWAOQP6,163
Fri Dec 15 23:33:13 +0000 2017,IOTA Foundation Launches Data Marketplace For #InternetOfThings #INDUSTRY https://t.co/h2RrDQYjrE #IoT #IIoT… https://t.co/dtyjWAOQP6,163
Fri Dec 15 23:33:10 +0000 2017,IOTA Foundation Launches Data Marketplace For #InternetOfThings #INDUSTRY https://t.co/h2RrDQYjrE #IoT #IIoT… https://t.co/dtyjWAOQP6,163
Fri Dec 15 23:33:03 +0000 2017,IOTA Foundation Launches Data Marketplace For #InternetOfThings #INDUSTRY https://t.co/h2RrDQYjrE #IoT #IIoT… https://t.co/dtyjWAOQP6,163
Fri Dec 15 23:33:01 +0000 2017,Here’s What Keeps #Bitcoin Developers Up at Night as the Price Hits $10 000 - Coinjournal https://t.co/5b2WsEkE0N b… https://t.co/6QXRufYoEo,3
Fri Dec 15 23:32:57 +0000 2017,IOTA Foundation Launches Data Marketplace For #InternetOfThings #INDUSTRY https://t.co/h2RrDQYjrE #IoT #IIoT… https://t.co/dtyjWAOQP6,163
Fri Dec 15 23:32:41 +0000 2017,IOTA Foundation Launches Data Marketplace For #InternetOfThings #INDUSTRY https://t.co/h2RrDQYjrE #IoT #IIoT… https://t.co/dtyjWAOQP6,163
Fri Dec 15 23:30:06 +0000 2017,#Blockchain Enabling #Digital #Financial #Investments https://t.co/NhWEbfh6ou #Fintech #Bitcoin #investing #wealth https://t.co/CnLRkasde1,0
Fri Dec 15 23:29:35 +0000 2017,That may be fake news lol to try and get bitcoin regulated,0
Fri Dec 15 23:27:13 +0000 2017,2018: The Year of the Cryptocurrency Craze - WIRED #Bitcoin #Blockchain #cryptocurrency  https://t.co/s67OPY6UTw,0
Fri Dec 15 23:23:20 +0000 2017,@bitstein Those who don't understand Bitcoin tend to reinvent it  badly.,3
Fri Dec 15 23:22:00 +0000 2017,Bitcoin is now under the #socialdynamics known as Critical mass. Your Uber driver is now talking about #Cryptocurrency,0
Fri Dec 15 23:19:45 +0000 2017,Cappasity app is available on App Store. The application is distributed for free  but additional functions can be p… https://t.co/8SYIt0BOuD,34
Fri Dec 15 23:17:48 +0000 2017,IOTA Foundation Launches Data Marketplace For #InternetOfThings #INDUSTRY https://t.co/h2RrDQYjrE #IoT #IIoT… https://t.co/dtyjWAOQP6,163
Fri Dec 15 23:17:08 +0000 2017,IOTA Foundation Launches Data Marketplace For #InternetOfThings #INDUSTRY https://t.co/h2RrDQYjrE #IoT #IIoT… https://t.co/dtyjWAOQP6,163
Fri Dec 15 23:10:34 +0000 2017,IOTA Foundation Launches Data Marketplace For #InternetOfThings #INDUSTRY https://t.co/h2RrDQYjrE #IoT #IIoT… https://t.co/dtyjWAOQP6,163
Fri Dec 15 23:07:33 +0000 2017,Segwit2x Bitcoin Fork Cancelled https://t.co/xgbbsniYxo,1
Fri Dec 15 23:00:47 +0000 2017,IOTA Foundation Launches Data Marketplace For #InternetOfThings #INDUSTRY https://t.co/h2RrDQYjrE #IoT #IIoT… https://t.co/dtyjWAOQP6,163
Fri Dec 15 23:00:15 +0000 2017,IOTA Foundation Launches Data Marketplace For #InternetOfThings #INDUSTRY https://t.co/h2RrDQYjrE #IoT #IIoT… https://t.co/dtyjWAOQP6,163
Fri Dec 15 22:54:51 +0000 2017,Bitcoin has exploded in both popularity and price over the past few months. This course explains exactly what it is… https://t.co/LdCfSsRmgh,6
Fri Dec 15 22:45:15 +0000 2017,Bitcoin has exploded in both popularity and price over the past few months. This course explains exactly what it is… https://t.co/LdCfSsRmgh,6
Fri Dec 15 22:44:37 +0000 2017,Bitcoin has exploded in both popularity and price over the past few months. This course explains exactly what it is… https://t.co/LdCfSsRmgh,6
Fri Dec 15 22:37:56 +0000 2017,I believe history will record this  @naval quote as atleast as important as anything by Johnson  Franklin or Wilde… https://t.co/BZgflaMWln,321
Fri Dec 15 22:36:24 +0000 2017,Boon Coin Highlights: Our patent pending technology eliminates #volatility of #cryptocurrency #Bitcoin #ICO  https://t.co/NOS13Ib9zD,26
Fri Dec 15 22:30:42 +0000 2017,@scotthortonshow @Antiwarcom @BitcoinNotBombs @BitcoinCom And since I was a financial supporter in the past I’m par… https://t.co/gK1zVv7XoX,0
Fri Dec 15 22:27:37 +0000 2017,@scotthortonshow @Antiwarcom @BitcoinNotBombs @BitcoinCom I am now competing. I was hoping to continue to support y… https://t.co/8x1VtUCUwk,0
Fri Dec 15 22:25:06 +0000 2017,Would killing #Bitcoin end #ransomware? https://t.co/Op3pEFl278  via @CSOonline  #CyberSecurity,1
Fri Dec 15 22:12:20 +0000 2017,@Antiwarcom @BitcoinNotBombs @scotthortonshow @BitcoinCom Here is their latest tweet promoting… https://t.co/UGktxMDhzR,0
Fri Dec 15 22:04:39 +0000 2017,Bitcoin is cool but have you heard of facial recognition corner store credit.,76
Fri Dec 15 22:02:51 +0000 2017,And the UNDISPUTED CHAMPION is #Bitcoin 👏👏👏 https://t.co/pctiyYvl6y,1
Fri Dec 15 21:55:50 +0000 2017,And the UNDISPUTED CHAMPION is #Bitcoin 👏👏👏 https://t.co/pctiyYvl6y,1
Fri Dec 15 21:54:03 +0000 2017,Don't just buy #bitcoin and call it a day. Diversity your #altcoin portfolio! As the saying goes  don't put all of… https://t.co/qS2ZNQ7OrI,0
Fri Dec 15 21:52:36 +0000 2017,@CharlesSchwab is miscalculating #GBTC BCH payouts? They say only shares held *prior* to Nov 6 count but… https://t.co/W1FnTN8737,0
Fri Dec 15 21:51:55 +0000 2017,#BadReasonsToRaiseMoney  To exchange for Bitcoin.,0
Fri Dec 15 21:40:09 +0000 2017,Seth Klarman calls bitcoin a ‘trading sardine ’ others say ‘speculative mania’ — They are right… https://t.co/ip0OtRzDKp,0
Fri Dec 15 21:35:22 +0000 2017,I Was Wrong About Bitcoin. Here’s Why. https://t.co/F56olrEsQN,0
Fri Dec 15 21:26:01 +0000 2017,https://t.co/QVqfjXAJwA  In honor of BTC's new all-time high price  here are predictions of BTC's price in 2020 by… https://t.co/aTUlgEeNhr,3
Fri Dec 15 21:22:14 +0000 2017,Anyone has a good bitcoin exchange? Coinbase keep making me retry on identification,0
Fri Dec 15 21:14:49 +0000 2017,I believe history will record this  @naval quote as atleast as important as anything by Johnson  Franklin or Wilde… https://t.co/BZgflaMWln,321
Fri Dec 15 21:11:37 +0000 2017,Do u wanna improve your skills in programming!?  Try #LiveEduTV! https://t.co/PuC8FSPsFn  #bitcoin #ethereum #ICO… https://t.co/QrxyXxduEc,0
Fri Dec 15 21:02:27 +0000 2017,I believe history will record this  @naval quote as atleast as important as anything by Johnson  Franklin or Wilde… https://t.co/BZgflaMWln,321
