Tue Aug 28 23:53:13 +0000 2018,@BillBoss90 @Bitcoin_ABC @BITMAINtech @rogerkver https://t.co/fNMdbGVS5j,0
Tue Aug 28 23:52:59 +0000 2018,@BillBoss90 @Bitcoin_ABC @BITMAINtech @rogerkver https://t.co/Ym7aLQXTJV,0
Tue Aug 28 23:08:00 +0000 2018,There is still so much "dust" up in the air when it comes to crypto. But that dust WILL settle  and "crypto" will n… https://t.co/LYaegFbtFs,4
Tue Aug 28 22:55:41 +0000 2018,Almost Half of the World’s Top #Universities Offer #Cryptocurrency or #Blockchain #Courses https://t.co/doRegmbmld… https://t.co/x8q5YXln0D,2
Tue Aug 28 22:54:23 +0000 2018,Almost Half of the World’s Top #Universities Offer #Cryptocurrency or #Blockchain #Courses https://t.co/doRegmbmld… https://t.co/x8q5YXln0D,2
Tue Aug 28 22:44:14 +0000 2018,Bitcoin Cash $BCH price: $563.54   QUICK! Sign up before Binance closes registration! 💰 😊    ➡️… https://t.co/pwzGQfN6AJ,0
Tue Aug 28 22:03:59 +0000 2018,@_FeedTheWeb No  but fortunately you will be less influential in proportion to how much you bet bitcoin won’t be a… https://t.co/R7MwflZM3q,1
Tue Aug 28 22:03:55 +0000 2018,@_FeedTheWeb No  but fortunately you will be less influential in proportion to how much you bet bitcoin won’t be a… https://t.co/R7MwflZM3q,1
Tue Aug 28 22:01:30 +0000 2018,@NateAgapi @SleepDoctors Well I was trying to do a show with Bitcoin Dracula. That would have probably had a few of those moments 😂,0
Tue Aug 28 21:30:40 +0000 2018,Busting #blockchain myths: 1. Blockchain equals Bitcoin 2. Blockchain is only public and anonymous 3. A blockchain… https://t.co/yA9ZryThAf,0
Tue Aug 28 21:20:32 +0000 2018,There is still so much "dust" up in the air when it comes to crypto. But that dust WILL settle  and "crypto" will n… https://t.co/LYaegFbtFs,4
Tue Aug 28 20:29:36 +0000 2018,Bitcoin Cash $BCH price: $571.10   Binance is TEMPORARILY accepting new users! GO! 💸 🤑    ➡️… https://t.co/avBogksRKD,0
Tue Aug 28 20:06:00 +0000 2018,There is still so much "dust" up in the air when it comes to crypto. But that dust WILL settle  and "crypto" will n… https://t.co/LYaegFbtFs,4
Tue Aug 28 20:04:00 +0000 2018,I know I come across as abrasive sometimes. But this is the mode of being that one needs to make it in the tech sta… https://t.co/6l3qjETJRq,0
Tue Aug 28 19:27:24 +0000 2018,The ‘Pomp’ Index: #Digital #Asset #Investor Launches New #Crypto Index #Fund https://t.co/mlSYtFRyEZ via… https://t.co/ynpBUKFkpK,3
Tue Aug 28 19:16:15 +0000 2018,The ‘Pomp’ Index: #Digital #Asset #Investor Launches New #Crypto Index #Fund https://t.co/mlSYtFRyEZ via… https://t.co/ynpBUKFkpK,3
Tue Aug 28 19:12:23 +0000 2018,The ‘Pomp’ Index: #Digital #Asset #Investor Launches New #Crypto Index #Fund https://t.co/mlSYtFRyEZ via… https://t.co/ynpBUKFkpK,3
Tue Aug 28 18:56:38 +0000 2018,Remember Overstock? It's basically a crypto company now https://t.co/03Axw3Cu0a,1
Tue Aug 28 18:49:56 +0000 2018,.@rickcrites @OmniBazaar will discuss economic advantages &amp; practical methods to eliminate bankers from e-commerce at #BitcoinTech #bitcoin,47
Tue Aug 28 18:37:12 +0000 2018,"China's Crypto Millionaires Are Using Bitcoin to Buy Real Estate Abroad" https://t.co/6Z78SXhxB1,30
Tue Aug 28 18:12:11 +0000 2018,.@rickcrites @OmniBazaar will discuss economic advantages &amp; practical methods to eliminate bankers from e-commerce at #BitcoinTech #bitcoin,47
Tue Aug 28 18:11:04 +0000 2018,Is Bitcoin The New Safe Haven Trade? | Zero Hedge https://t.co/sjpc1U9ZbL,0
Tue Aug 28 18:06:50 +0000 2018,What if I told you a world could exist without boom &amp; bust cycles? Crazy right? Not so fast. #Bitcoin will bring us… https://t.co/hUA8jmJw7v,10
Tue Aug 28 17:39:01 +0000 2018,What if I told you a world could exist without boom &amp; bust cycles? Crazy right? Not so fast. #Bitcoin will bring us… https://t.co/hUA8jmJw7v,10
Tue Aug 28 16:34:38 +0000 2018,#Bitcoin is Cool: St. Louis Federal Reserve https://t.co/vlrI2ObTeq via @cryptocoinsnews #BTC #CryptoNews #crypto #trading #blockchain,4
Tue Aug 28 16:34:19 +0000 2018,#Stellar #XLM is a Smart Play  Here is Why - https://t.co/MXYZhI7UAC  #bitcoinrush #CryptoNews #altcoin #bitcoin #btc #trading #market,2
Tue Aug 28 16:25:40 +0000 2018,#Stellar #XLM is a Smart Play  Here is Why - https://t.co/MXYZhI7UAC  #bitcoinrush #CryptoNews #altcoin #bitcoin #btc #trading #market,2
Tue Aug 28 16:21:50 +0000 2018,#Stellar #XLM is a Smart Play  Here is Why - https://t.co/MXYZhI7UAC  #bitcoinrush #CryptoNews #altcoin #bitcoin #btc #trading #market,2
Tue Aug 28 15:44:13 +0000 2018,Blockchain is in my bones  and crypto is in my blood.  Crypto Twitter Soldiers of 2018 will survive this bear marke… https://t.co/agQMsG5uEr,14
Tue Aug 28 15:41:56 +0000 2018,#Bitcoin #BTC Breaks Above $7 000 as #Crypto #Market Rallies Into Green https://t.co/DPfGL10Xee via @cointelegraph… https://t.co/JciA1LN8S7,2
Tue Aug 28 15:38:28 +0000 2018,#Bitcoin #BTC Breaks Above $7 000 as #Crypto #Market Rallies Into Green https://t.co/DPfGL10Xee via @cointelegraph… https://t.co/JciA1LN8S7,2
Tue Aug 28 15:38:13 +0000 2018,#Bitcoin #BTC Breaks Above $7 000 as #Crypto #Market Rallies Into Green https://t.co/DPfGL10Xee via @cointelegraph… https://t.co/JciA1LN8S7,2
Tue Aug 28 15:36:24 +0000 2018,Blockchain is in my bones  and crypto is in my blood.  Crypto Twitter Soldiers of 2018 will survive this bear marke… https://t.co/agQMsG5uEr,14
Tue Aug 28 15:19:49 +0000 2018,#Bitcoin is Cool: St. Louis Federal Reserve https://t.co/vlrI2ObTeq via @cryptocoinsnews #BTC #CryptoNews #crypto #trading #blockchain,4
Tue Aug 28 15:15:55 +0000 2018,#Bitcoin is Cool: St. Louis Federal Reserve https://t.co/vlrI2ObTeq via @cryptocoinsnews #BTC #CryptoNews #crypto #trading #blockchain,4
Tue Aug 28 15:14:25 +0000 2018,#Bitcoin is Cool: St. Louis Federal Reserve https://t.co/vlrI2ObTeq via @cryptocoinsnews #BTC #CryptoNews #crypto #trading #blockchain,4
Tue Aug 28 15:13:18 +0000 2018,#Bitcoin is Cool: St. Louis Federal Reserve https://t.co/vlrI2ObTeq via @cryptocoinsnews #BTC #CryptoNews #crypto #trading #blockchain,4
Tue Aug 28 15:03:55 +0000 2018,@herbivore_club @focused2018 @KasumiKriss @OTC_Bitcoin Can I portray you as douches? Millions of innocent plants di… https://t.co/FF22DSST23,0
Tue Aug 28 14:41:15 +0000 2018,.@rickcrites @OmniBazaar will discuss economic advantages &amp; practical methods to eliminate bankers from e-commerce at #BitcoinTech #bitcoin,47
Tue Aug 28 14:17:24 +0000 2018,"China's Crypto Millionaires Are Using Bitcoin to Buy Real Estate Abroad" https://t.co/6Z78SXhxB1,30
Tue Aug 28 14:05:45 +0000 2018,It's a confirmed inverse head and shoulders  a reliable as fuck pattern. And all of y'all are bearish as fuck  watc… https://t.co/p53NHBnwq4,3
Tue Aug 28 13:26:47 +0000 2018,Blockchain is in my bones  and crypto is in my blood.  Crypto Twitter Soldiers of 2018 will survive this bear marke… https://t.co/agQMsG5uEr,14
Tue Aug 28 13:26:25 +0000 2018,Blockchain is in my bones  and crypto is in my blood.  Crypto Twitter Soldiers of 2018 will survive this bear marke… https://t.co/agQMsG5uEr,14
Tue Aug 28 13:16:36 +0000 2018,Happy Monday! Check out our ICO Bench Rating! 😍🙌https://t.co/Tq6PXMdn9o https://t.co/Tq6PXMdn9o,104
Tue Aug 28 13:16:10 +0000 2018,Md. Mofassair Hossain  one of the top ICO PR and marketing individuals  has officially joined ApolloX he will be ta… https://t.co/om1FTBo1Bq,148
Tue Aug 28 13:15:40 +0000 2018,Survey Reveals Regulatory Uncertainty Impeding Blockchain Adoption   #Bitcoin  https://t.co/YtBdyG9d92,0
Tue Aug 28 13:06:37 +0000 2018,Blockchain is in my bones  and crypto is in my blood.  Crypto Twitter Soldiers of 2018 will survive this bear marke… https://t.co/agQMsG5uEr,14
Tue Aug 28 11:30:38 +0000 2018,"China's Crypto Millionaires Are Using Bitcoin to Buy Real Estate Abroad" https://t.co/6Z78SXhxB1,30
Tue Aug 28 10:17:02 +0000 2018,Blockchain is in my bones  and crypto is in my blood.  Crypto Twitter Soldiers of 2018 will survive this bear marke… https://t.co/agQMsG5uEr,14
Tue Aug 28 09:48:28 +0000 2018,"China's Crypto Millionaires Are Using Bitcoin to Buy Real Estate Abroad" https://t.co/6Z78SXhxB1,30
Tue Aug 28 09:47:52 +0000 2018,Bitcoin Cash $BCH price: $544.99   Binance is TEMPORARILY accepting new users! GO! 😍 🤔    ➡️… https://t.co/edhbg3T8Ij,0
Tue Aug 28 08:23:19 +0000 2018,🔥The 7 Habits of Highly Successful Altcoin Traders🔥  1. Buy MinCoin (MNC) 2. Mine MinCoin  3. Mine more MinCoin  4.… https://t.co/6KUJ7hOx2w,44
Tue Aug 28 07:52:31 +0000 2018,#Crypto #Markets Keep Fluctuating: Most Top 20 Coins Back in Green  #Bitcoin Above $6 700 https://t.co/bvElM0UKvS v… https://t.co/s0hs1dU0X1,3
Tue Aug 28 07:40:30 +0000 2018,I had the pleasure of speaking with one of my heros  @timoreilly. Tim is the founder of O'Reilly Media (which has p… https://t.co/D1NEGhK56v,10
Tue Aug 28 06:46:00 +0000 2018,.@rickcrites @OmniBazaar will discuss economic advantages &amp; practical methods to eliminate bankers from e-commerce at #BitcoinTech #bitcoin,47
Tue Aug 28 04:58:01 +0000 2018,Mollie Tibbetts's father rebukes anti-Hispanic sentiment  saying they're 'Iowans with better food' https://t.co/vn686Pgs3J,19
Tue Aug 28 04:44:29 +0000 2018,.@rickcrites @OmniBazaar will discuss economic advantages &amp; practical methods to eliminate bankers from e-commerce at #BitcoinTech #bitcoin,47
Tue Aug 28 04:27:51 +0000 2018,Congrats to Scientific Coin for winning the @blockshow Oscar. It was a honor to be one of the investor judges that… https://t.co/IOCWfeABO0,24
Tue Aug 28 04:18:10 +0000 2018,#VAPE #Marijuanastock Trading under a penny per share #Top #marijuana #stocks  $VAPE  #weedstocks #marijuanastocks… https://t.co/4pkEKKdJ8p,3
Tue Aug 28 04:16:14 +0000 2018,@TheCryptoDog But BCH has Bitcoin Cash models and I was told that's what's needed /s,0
Tue Aug 28 03:54:28 +0000 2018,$BTC $ETH I see why Bitcoin is dominant. It’s simple to understand and gets free mktg from the media. Alt coins/tok… https://t.co/9PW7FhnOa1,0
Tue Aug 28 02:57:21 +0000 2018,Baidu to Block Crypto Forums as China Continues Clampdown   #Bitcoin #0x  https://t.co/kR9kvHJ5WX,0
Tue Aug 28 02:43:21 +0000 2018,@semil I have a "Bitcoin Bias" thesis that people's analysis of future possibilities for crypto is distorted by exp… https://t.co/s06zKhIzb0,0
Tue Aug 28 02:25:14 +0000 2018,Congrats to Scientific Coin for winning the @blockshow Oscar. It was a honor to be one of the investor judges that… https://t.co/IOCWfeABO0,24
Tue Aug 28 01:39:25 +0000 2018,What if I told you a world could exist without boom &amp; bust cycles? Crazy right? Not so fast. #Bitcoin will bring us… https://t.co/hUA8jmJw7v,10
Tue Aug 28 01:09:34 +0000 2018,Crypto-Funded #Brave Browser Hits 10 Million Downloads in #GooglePlay Store https://t.co/4YobgWMnyD via… https://t.co/7V982xwEVI,1
Tue Aug 28 00:54:30 +0000 2018,Congrats to Scientific Coin for winning the @blockshow Oscar. It was a honor to be one of the investor judges that… https://t.co/IOCWfeABO0,24
Tue Aug 28 00:37:22 +0000 2018,Blockchain is in my bones  and crypto is in my blood.  Crypto Twitter Soldiers of 2018 will survive this bear marke… https://t.co/agQMsG5uEr,14
Tue Aug 28 00:36:39 +0000 2018,What if I told you a world could exist without boom &amp; bust cycles? Crazy right? Not so fast. #Bitcoin will bring us… https://t.co/hUA8jmJw7v,10
Tue Aug 28 00:31:57 +0000 2018,Manafort's legal team reportedly met with prosecutors to discuss deal in next trial https://t.co/pLe09TLrAh,13
Tue Aug 28 00:11:58 +0000 2018,Law firm criticizes ICE for toddler's death after release https://t.co/8NHqUrnzWS,13
