Fri Jan 04 23:48:13 +0000 2019,#JustIn: Coinbase has banned both social network Gab  and @getongab CEO Andrew Torba's personal account. #Bitcoin,49
Fri Jan 04 23:47:18 +0000 2019,#Bitcoin has the potential to save us from the current pension crisis. We just need one or two courageous individua… https://t.co/fHnCYZRWY6,0
Fri Jan 04 23:07:13 +0000 2019,#JustIn: Coinbase has banned both social network Gab  and @getongab CEO Andrew Torba's personal account. #Bitcoin,49
Fri Jan 04 23:05:14 +0000 2019,#JustIn: Coinbase has banned both social network Gab  and @getongab CEO Andrew Torba's personal account. #Bitcoin,49
Fri Jan 04 22:46:14 +0000 2019,#JustIn: Coinbase has banned both social network Gab  and @getongab CEO Andrew Torba's personal account. #Bitcoin,49
Fri Jan 04 22:44:32 +0000 2019,#JustIn: Coinbase has banned both social network Gab  and @getongab CEO Andrew Torba's personal account. #Bitcoin,49
Fri Jan 04 22:16:47 +0000 2019,Let's see how long we stay in this $3K range for.  During the 2014 - 2016 crypto bear market  after Bitcoin had bot… https://t.co/aWf7UfxlLD,11
Fri Jan 04 22:05:19 +0000 2019,#JustIn: Coinbase has banned both social network Gab  and @getongab CEO Andrew Torba's personal account. #Bitcoin,49
Fri Jan 04 21:47:23 +0000 2019,#JustIn: Coinbase has banned both social network Gab  and @getongab CEO Andrew Torba's personal account. #Bitcoin,49
Fri Jan 04 20:43:37 +0000 2019,#JustIn: Coinbase has banned both social network Gab  and @getongab CEO Andrew Torba's personal account. #Bitcoin,49
Fri Jan 04 20:38:38 +0000 2019,#JustIn: Coinbase has banned both social network Gab  and @getongab CEO Andrew Torba's personal account. #Bitcoin,49
Fri Jan 04 20:31:15 +0000 2019,#JustIn: Coinbase has banned both social network Gab  and @getongab CEO Andrew Torba's personal account. #Bitcoin,49
Fri Jan 04 20:25:32 +0000 2019,#JustIn: Coinbase has banned both social network Gab  and @getongab CEO Andrew Torba's personal account. #Bitcoin,49
Fri Jan 04 20:15:14 +0000 2019,#JustIn: Coinbase has banned both social network Gab  and @getongab CEO Andrew Torba's personal account. #Bitcoin,49
Fri Jan 04 20:12:20 +0000 2019,#JustIn: Coinbase has banned both social network Gab  and @getongab CEO Andrew Torba's personal account. #Bitcoin,49
Fri Jan 04 20:10:45 +0000 2019,#JustIn: Coinbase has banned both social network Gab  and @getongab CEO Andrew Torba's personal account. #Bitcoin,49
Fri Jan 04 19:56:35 +0000 2019,#JustIn: Coinbase has banned both social network Gab  and @getongab CEO Andrew Torba's personal account. #Bitcoin,49
Fri Jan 04 19:54:13 +0000 2019,#JustIn: Coinbase has banned both social network Gab  and @getongab CEO Andrew Torba's personal account. #Bitcoin,49
Fri Jan 04 19:53:09 +0000 2019,#JustIn: Coinbase has banned both social network Gab  and @getongab CEO Andrew Torba's personal account. #Bitcoin,49
Fri Jan 04 19:51:08 +0000 2019,#JustIn: Coinbase has banned both social network Gab  and @getongab CEO Andrew Torba's personal account. #Bitcoin,49
Fri Jan 04 19:30:09 +0000 2019,#JustIn: Coinbase has banned both social network Gab  and @getongab CEO Andrew Torba's personal account. #Bitcoin,49
Fri Jan 04 19:19:46 +0000 2019,Peter  what do you think of this?  I know that you just bought Apple for a deadcount bounce.  Forget the deadcount… https://t.co/Y4shsrWdAr,0
Fri Jan 04 19:19:44 +0000 2019,#JustIn: Coinbase has banned both social network Gab  and @getongab CEO Andrew Torba's personal account. #Bitcoin,49
Fri Jan 04 19:14:05 +0000 2019,#JustIn: Coinbase has banned both social network Gab  and @getongab CEO Andrew Torba's personal account. #Bitcoin,49
Fri Jan 04 19:12:11 +0000 2019,#JustIn: Coinbase has banned both social network Gab  and @getongab CEO Andrew Torba's personal account. #Bitcoin,49
Fri Jan 04 19:04:33 +0000 2019,#JustIn: Coinbase has banned both social network Gab  and @getongab CEO Andrew Torba's personal account. #Bitcoin,49
Fri Jan 04 18:51:02 +0000 2019,Is Bitcoin really the answer or a patch in sinking ships? Venezuelans could "sell bitcoin into 'fiat' through a loc… https://t.co/wJpaVTjNp1,0
Fri Jan 04 18:40:31 +0000 2019,#JustIn: Coinbase has banned both social network Gab  and @getongab CEO Andrew Torba's personal account. #Bitcoin,49
Fri Jan 04 18:38:15 +0000 2019,#JustIn: Coinbase has banned both social network Gab  and @getongab CEO Andrew Torba's personal account. #Bitcoin,49
Fri Jan 04 18:32:47 +0000 2019,#JustIn: Coinbase has banned both social network Gab  and @getongab CEO Andrew Torba's personal account. #Bitcoin,49
Fri Jan 04 18:31:59 +0000 2019,#JustIn: Coinbase has banned both social network Gab  and @getongab CEO Andrew Torba's personal account. #Bitcoin,49
Fri Jan 04 18:31:43 +0000 2019,@RichardHeartWin @RichardHeartWin - TrustlessInterest is a much better name. It sounds good and makes it easy to un… https://t.co/RkzTqkZDAp,0
Fri Jan 04 18:30:00 +0000 2019,#JustIn: Coinbase has banned both social network Gab  and @getongab CEO Andrew Torba's personal account. #Bitcoin,49
Fri Jan 04 18:29:19 +0000 2019,#JustIn: Coinbase has banned both social network Gab  and @getongab CEO Andrew Torba's personal account. #Bitcoin,49
Fri Jan 04 18:28:39 +0000 2019,#JustIn: Coinbase has banned both social network Gab  and @getongab CEO Andrew Torba's personal account. #Bitcoin,49
Fri Jan 04 18:28:20 +0000 2019,#JustIn: Coinbase has banned both social network Gab  and @getongab CEO Andrew Torba's personal account. #Bitcoin,49
Fri Jan 04 18:27:05 +0000 2019,#JustIn: Coinbase has banned both social network Gab  and @getongab CEO Andrew Torba's personal account. #Bitcoin,49
Fri Jan 04 18:26:53 +0000 2019,#JustIn: Coinbase has banned both social network Gab  and @getongab CEO Andrew Torba's personal account. #Bitcoin,49
Fri Jan 04 18:26:26 +0000 2019,#JustIn: Coinbase has banned both social network Gab  and @getongab CEO Andrew Torba's personal account. #Bitcoin,49
Fri Jan 04 18:26:07 +0000 2019,#JustIn: Coinbase has banned both social network Gab  and @getongab CEO Andrew Torba's personal account. #Bitcoin,49
Fri Jan 04 18:25:47 +0000 2019,#JustIn: Coinbase has banned both social network Gab  and @getongab CEO Andrew Torba's personal account. #Bitcoin,49
Fri Jan 04 18:23:43 +0000 2019,#JustIn: Coinbase has banned both social network Gab  and @getongab CEO Andrew Torba's personal account. #Bitcoin,49
Fri Jan 04 18:23:30 +0000 2019,#JustIn: Coinbase has banned both social network Gab  and @getongab CEO Andrew Torba's personal account. #Bitcoin,49
Fri Jan 04 16:43:20 +0000 2019,Bitboy believes Tron will be # 4 by the end of Dec 2019.  I would be happy with # 5 or # 6  but I will definitely n… https://t.co/nK7OKJfMW6,5
Fri Jan 04 16:04:15 +0000 2019,According to @Forbes  the cybercrime group known as #TheDarkOverlord has acquired 18 000 documents  many of which a… https://t.co/RoVHVx0AnP,15
Fri Jan 04 15:33:30 +0000 2019,@voice0fcrypto @bitcoin_dad Lupe was $3 798. https://t.co/LEExSDooxe,1
Fri Jan 04 15:28:53 +0000 2019,@voice0fcrypto @bitcoin_dad Lupe was $3 798. https://t.co/LEExSDooxe,1
Fri Jan 04 15:09:38 +0000 2019,Cryptos: Bitcoin on track for 10th consecutive session below $4 000 https://t.co/N7GpmLI8H7 https://t.co/PE7RFWm6tP,0
Fri Jan 04 14:13:10 +0000 2019,According to @Forbes  the cybercrime group known as #TheDarkOverlord has acquired 18 000 documents  many of which a… https://t.co/RoVHVx0AnP,15
Fri Jan 04 14:07:24 +0000 2019,According to @Forbes  the cybercrime group known as #TheDarkOverlord has acquired 18 000 documents  many of which a… https://t.co/RoVHVx0AnP,15
Fri Jan 04 14:05:06 +0000 2019,$4K Ahead? Bitcoin’s Low-Volume Price Pullback Could Be a Bear Trap: Bitcoin's recent pullback from highs above $4 … https://t.co/akOl0NIqLg,0
Fri Jan 04 12:40:00 +0000 2019,The Ultimate Guide to Bitcoin https://t.co/QKK9g6vzga #marketing,0
Fri Jan 04 12:34:07 +0000 2019,Liberal Rachel Maddow and conservative David Frum both warn on Trump's bizarre Kremlin talking points https://t.co/R0GLZ3TPFT,273
Fri Jan 04 11:36:26 +0000 2019,According to @Forbes  the cybercrime group known as #TheDarkOverlord has acquired 18 000 documents  many of which a… https://t.co/RoVHVx0AnP,15
Fri Jan 04 09:33:54 +0000 2019,According to @Forbes  the cybercrime group known as #TheDarkOverlord has acquired 18 000 documents  many of which a… https://t.co/RoVHVx0AnP,15
Fri Jan 04 09:12:28 +0000 2019,paranın yeniden keşfi: bitcoin https://t.co/udkgb3cHIF via @YouTube,0
Fri Jan 04 08:59:46 +0000 2019,@ChefMarkGarcia Please show this to any friends that think Bitcoin is dead.  When Bitcoin finally comes back  it co… https://t.co/tjqet5vEdr,1
Fri Jan 04 08:21:01 +0000 2019,Bitcoin's marketcap was $16B in January 2017 and it ended at $65B at the end of Dec 2018. That is over 300% increas… https://t.co/t6BQwa9L6g,24
Fri Jan 04 08:01:20 +0000 2019,It's against your religion? Really? https://t.co/2fojsALoVy,52
Fri Jan 04 07:46:32 +0000 2019,Let's see how long we stay in this $3K range for.  During the 2014 - 2016 crypto bear market  after Bitcoin had bot… https://t.co/aWf7UfxlLD,11
Fri Jan 04 06:40:21 +0000 2019,Bitcoin's marketcap was $16B in January 2017 and it ended at $65B at the end of Dec 2018. That is over 300% increas… https://t.co/t6BQwa9L6g,24
Fri Jan 04 05:19:58 +0000 2019,Happy 10th anniversary  #Bitcoin! And introducing Silicon Valley Blockchain Catalyst  focuses on the exploration of… https://t.co/kkEgFSivTW,11
Fri Jan 04 05:19:27 +0000 2019,Happy 10th anniversary  #Bitcoin! And introducing Silicon Valley Blockchain Catalyst  focuses on the exploration of… https://t.co/kkEgFSivTW,11
Fri Jan 04 05:19:09 +0000 2019,Happy 10th anniversary  #Bitcoin! And introducing Silicon Valley Blockchain Catalyst  focuses on the exploration of… https://t.co/kkEgFSivTW,11
Fri Jan 04 05:18:26 +0000 2019,Happy 10th anniversary  #Bitcoin! And introducing Silicon Valley Blockchain Catalyst  focuses on the exploration of… https://t.co/kkEgFSivTW,11
Fri Jan 04 05:17:57 +0000 2019,Happy 10th anniversary  #Bitcoin! And introducing Silicon Valley Blockchain Catalyst  focuses on the exploration of… https://t.co/kkEgFSivTW,11
Fri Jan 04 05:17:10 +0000 2019,Happy 10th anniversary  #Bitcoin! And introducing Silicon Valley Blockchain Catalyst  focuses on the exploration of… https://t.co/kkEgFSivTW,11
Fri Jan 04 05:16:09 +0000 2019,Happy 10th anniversary  #Bitcoin! And introducing Silicon Valley Blockchain Catalyst  focuses on the exploration of… https://t.co/kkEgFSivTW,11
Fri Jan 04 05:13:32 +0000 2019,Happy 10th anniversary  #Bitcoin! And introducing Silicon Valley Blockchain Catalyst  focuses on the exploration of… https://t.co/kkEgFSivTW,11
Fri Jan 04 05:13:19 +0000 2019,Happy 10th anniversary  #Bitcoin! And introducing Silicon Valley Blockchain Catalyst  focuses on the exploration of… https://t.co/kkEgFSivTW,11
Fri Jan 04 05:13:02 +0000 2019,Happy 10th anniversary  #Bitcoin! And introducing Silicon Valley Blockchain Catalyst  focuses on the exploration of… https://t.co/kkEgFSivTW,11
Fri Jan 04 05:12:47 +0000 2019,Happy 10th anniversary  #Bitcoin! And introducing Silicon Valley Blockchain Catalyst  focuses on the exploration of… https://t.co/kkEgFSivTW,11
Fri Jan 04 05:02:21 +0000 2019,Happy 10th anniversary  #Bitcoin! And introducing Silicon Valley Blockchain Catalyst  focuses on the exploration of… https://t.co/kkEgFSivTW,11
Fri Jan 04 04:50:07 +0000 2019,@Mario_Gibney @alpacasw Both. As things mature it’s also likely that great self sovereign systems are available at… https://t.co/ZpF7K8Ke1q,0
Fri Jan 04 03:55:54 +0000 2019,Time is money. Bitcoin should change their model from electricity-intensive calculations to time-intensive calculat… https://t.co/GpkU3N9W16,0
Fri Jan 04 02:42:17 +0000 2019,#KWHCoin has built an #ecosystem of partners to help support the company mission to end #energy poverty and provide… https://t.co/FejuI2rT59,5
Fri Jan 04 02:32:32 +0000 2019,On this day  10 years after the genesis of the Bitcoin blockchain  like Jon Snow the @Cosmos Game of Stakes network… https://t.co/SbVsUeb49r,6
Fri Jan 04 02:27:29 +0000 2019,Happy Genesis Block Day #tropico6 #bitcoin https://t.co/9XQlf0kzHH,0
Fri Jan 04 02:25:26 +0000 2019,According to @Forbes  the cybercrime group known as #TheDarkOverlord has acquired 18 000 documents  many of which a… https://t.co/RoVHVx0AnP,15
Fri Jan 04 02:05:13 +0000 2019,@UfukInceCFA @FOCUS_ON_RISK @brian_armstrong Right now  if you have $10K  which one would you buy?  Bitcoin or Appl… https://t.co/zQ3cW80Hfz,0
Fri Jan 04 01:05:03 +0000 2019,It's the last week of the @ShrimpyApp x @kucoincom Trading Competition! Sign up for @ShrimpyApp and rebalance your… https://t.co/JMgUknOAFW,0
Fri Jan 04 01:03:36 +0000 2019,https://t.co/3X9T4XLz1Z,0
Fri Jan 04 01:03:21 +0000 2019,https://t.co/7DRghNv46m,0
Fri Jan 04 01:01:50 +0000 2019,https://t.co/wm3wt1vxLd,0
Fri Jan 04 01:01:37 +0000 2019,https://t.co/ZnA9AYHDTV,0
Fri Jan 04 00:53:09 +0000 2019,#KWHCoin has built an #ecosystem of partners to help support the company mission to end #energy poverty and provide… https://t.co/FejuI2rT59,5
Fri Jan 04 00:48:35 +0000 2019,Bitboy believes Tron will be # 4 by the end of Dec 2019.  I would be happy with # 5 or # 6  but I will definitely n… https://t.co/nK7OKJfMW6,5
Fri Jan 04 00:34:20 +0000 2019,Ohio making moves again with blockchain! - https://t.co/FxPfoSxoXk $BTC,0
Fri Jan 04 00:13:41 +0000 2019,2019 will be the year of Web 3.0  @Elastos_org will lead the way  #Bitcoin #Elastos #Blockchain  https://t.co/8BkpdgleKU,0
