Thu Oct 25 19:57:05 +0000 2018,Coinbase Lawsuit at a Standstill as Judge Moves for Dismissal https://t.co/1BwJyLcshw https://t.co/FPv0ZLCevq,0
Thu Oct 25 14:42:54 +0000 2018,@EzMrcz Coinbase has always been known for ridiculous high fees.  This is the reason why retail people like you and… https://t.co/9ii4DMLlEW,0
Thu Oct 25 02:05:38 +0000 2018,#BayArea #SanFrancisco #SiliconValley #BitcoinCash #btc #xrp #trx #ETHEREUM #bitcoin #tron #Coinbase #Binance OMG H… https://t.co/Av97BiooVn,1
