Sat Jun 30 14:53:11 +0000 2018,I don’t trust anyone w/o a dog,1
Sat Jun 30 14:16:16 +0000 2018,@DJayNoRequests  https://t.co/HovUmePf0u,0
Sat Jun 30 02:27:07 +0000 2018,Beyond the hype: Is Tron’s Blockchain The ‘Microsoft’ Of The Blockchain Industry? https://t.co/P1sXcAbV1g #blockchain,0
Sat Jun 30 00:52:18 +0000 2018,Let the good ones go... let good ones go.,0
