Sat Sep 15 05:26:05 +0000 2018,https://t.co/ILWnKtyO9r Bitcoin  Ethereum  Ripple  Bitcoin Cash  EOS  Stellar  Litecoin  Cardano  Monero  IOTA: Pri… https://t.co/AlI4G28nhJ,0
Sat Sep 15 00:29:33 +0000 2018,Bitcoin  Ethereum  Ripple  Bitcoin Cash  EOS  Stellar  Litecoin  Cardano  Monero  https://t.co/csdT5eIOUx #Cardano… https://t.co/VCvhWwF5Ui,0
