Fri Nov 16 19:32:08 +0000 2018,Litecoin $LTC is valued at: $42.82   Binance is TEMPORARILY accepting new users! GO! 💰 🤔    ➡️… https://t.co/HP04oYFcbY,0
Fri Nov 16 17:45:48 +0000 2018,@issamsatoshi @Eljaboom @cryptomocho @CryptoVanessa @cryptozones @coindorado @litecoin_bull @StephanCharne1… https://t.co/zH592ocAhI,0
Fri Nov 16 17:41:01 +0000 2018,@issamsatoshi @Eljaboom @cryptomocho @CryptoVanessa @cryptozones @coindorado @litecoin_bull @StephanCharne1… https://t.co/ZWjIKl5jyO,0
Fri Nov 16 17:39:18 +0000 2018,@Eljaboom @cryptomocho @CryptoVanessa @cryptozones @coindorado @litecoin_bull @StephanCharne1 @soulboy32… https://t.co/RxuOZZYet2,1
Fri Nov 16 17:19:23 +0000 2018,@Eljaboom @cryptomocho @CryptoVanessa @cryptozones @coindorado @litecoin_bull @StephanCharne1 @soulboy32… https://t.co/oBP1kF0EjB,0
Fri Nov 16 17:14:49 +0000 2018,@Eljaboom @cryptomocho @CryptoVanessa @cryptozones @coindorado @litecoin_bull @StephanCharne1 @soulboy32… https://t.co/pkELPlyMgI,1
Fri Nov 16 17:14:32 +0000 2018,@Eljaboom @cryptomocho @CryptoVanessa @cryptozones @coindorado @litecoin_bull @StephanCharne1 @soulboy32… https://t.co/pkELPlyMgI,1
Fri Nov 16 17:12:10 +0000 2018,@Eljaboom @cryptomocho @CryptoVanessa @cryptozones @coindorado @litecoin_bull @StephanCharne1 @soulboy32… https://t.co/RxuOZZYet2,1
Fri Nov 16 15:18:00 +0000 2018,@Eljaboom @cryptomocho @CryptoVanessa @cryptozones @coindorado @litecoin_bull @StephanCharne1 @soulboy32… https://t.co/kYMrVGAAfi,1
Fri Nov 16 14:44:18 +0000 2018,@Eljaboom @cryptomocho @CryptoVanessa @cryptozones @coindorado @litecoin_bull @StephanCharne1 @soulboy32… https://t.co/GWnEMLzZe8,0
Fri Nov 16 14:42:19 +0000 2018,@Eljaboom @cryptomocho @CryptoVanessa @cryptozones @coindorado @litecoin_bull @StephanCharne1 @soulboy32… https://t.co/kYMrVGAAfi,1
Fri Nov 16 12:25:35 +0000 2018,The “crypto currency industry” does not exist.  Bitcoin is a legitimate project that has attracted legions of fraud… https://t.co/kfTvGb6xY9,1
Fri Nov 16 11:41:15 +0000 2018,The “crypto currency industry” does not exist.  Bitcoin is a legitimate project that has attracted legions of fraud… https://t.co/kfTvGb6xY9,1
Fri Nov 16 09:58:04 +0000 2018,Litecoin $LTC is valued at: $42.66   We checked! Binance registration is currently open 🙌 💎    ➡️… https://t.co/dIJIhM0HMd,0
Fri Nov 16 08:57:05 +0000 2018,Litecoin $LTC is valued at: $43.07   Binance registration is ONLINE! We JUST checked! 😊 💎    ➡️… https://t.co/hgF8b3HshM,0
