Sat May 05 21:09:43 +0000 2018,our buddies at the great @EconoJamRecords pressed a vinyl copy of Tara King th’s “Stellar Fantasies” that we releas… https://t.co/hjGtCmCEsD,0
Sat May 05 21:08:24 +0000 2018,Something I wish all undergrad STEM students knew: you can be a great scientist without being a stellar student. Sc… https://t.co/WxErehGgPt,3370
Sat May 05 21:04:32 +0000 2018,Something I wish all undergrad STEM students knew: you can be a great scientist without being a stellar student. Sc… https://t.co/WxErehGgPt,3370
Sat May 05 20:37:55 +0000 2018,Something I wish all undergrad STEM students knew: you can be a great scientist without being a stellar student. Sc… https://t.co/WxErehGgPt,3370
Sat May 05 20:31:49 +0000 2018,Official announcement from Bitfinex. https://t.co/fZ2nkave8w,2
Sat May 05 20:27:10 +0000 2018,How to Buy #StellarXLM - April 2018 - https://t.co/6M9BcJpTRW #BuyingGuides #Cryptocurrency #Crypto #altcoin… https://t.co/YepMK8OfQJ,3
Sat May 05 20:25:24 +0000 2018,We’re very pleased to announce that @StellarOrg is working with @KeybaseIO through a special instance of SDF’s part… https://t.co/zUmeC9hdTl,10
Sat May 05 20:05:06 +0000 2018,Something I wish all undergrad STEM students knew: you can be a great scientist without being a stellar student. Sc… https://t.co/WxErehGgPt,3370
Sat May 05 19:24:35 +0000 2018,@Fredrick_Gaming this is stellar. great pup.,0
Sat May 05 18:53:30 +0000 2018,Sat by the pool  re-reading the stellar Meet Me In The Bathroom by @lizzydgoodman is the perfect interval between t… https://t.co/RLgRcDARAZ,0
Sat May 05 17:29:14 +0000 2018,Official announcement from Bitfinex. https://t.co/fZ2nkave8w,2
Sat May 05 17:10:47 +0000 2018,#Stellar perhaps The Economist? https://t.co/dgZjli0yLS,0
Sat May 05 17:00:28 +0000 2018,me: welcome &lt;3 how is ur day going ? customer: *ignores me*  me: HOW IS UR DAY GOING https://t.co/gsulmm3sad,19036
Sat May 05 17:00:01 +0000 2018,Me  remembering that my gym workouts are sabotaged by my less than stellar eating habits. https://t.co/UR5tJQTXlC,0
Sat May 05 16:36:06 +0000 2018,The Most Comprehensive Stellar #Blockchain Guide https://t.co/BTQqMqTORC #Stellar #Crypto https://t.co/1nFFNuwIYH,0
Sat May 05 16:17:58 +0000 2018,This is not based on any medical practice  evidence-based research  or science. It’s fear-based  misogynistic ideol… https://t.co/a3fE8fMOWL,707
Sat May 05 15:52:47 +0000 2018,10 stellar places for stargazing https://t.co/j5hJ49TeSs,2
Sat May 05 15:48:56 +0000 2018,Kevin LaSure  the Academy's track &amp; field head coach  led a stellar group of student-athletes to success in Divisio… https://t.co/eBfxOQoMsF,2
Sat May 05 15:38:29 +0000 2018,✍️☘️⚽️ PLAYER SIGNING: Double  double toil and trouble  we've signed midfielder @jmcb2207 off the bubble!  Johnny w… https://t.co/K4XIsD791y,0
Sat May 05 14:28:52 +0000 2018,@ArnettRick imo... the guy plugging the Nelson did a less than stellar job in making me want to attend.,0
Sat May 05 14:00:15 +0000 2018,We’re hiring! Zocdoc is looking for a stellar Senior Front End Engineer - Pune Enterprise Technology Team in Pune … https://t.co/g2S0PHMeT0,0
Sat May 05 13:51:48 +0000 2018,10 stellar places for stargazing https://t.co/j5hJ49TeSs,2
Sat May 05 13:51:45 +0000 2018,Kevin LaSure  the Academy's track &amp; field head coach  led a stellar group of student-athletes to success in Divisio… https://t.co/eBfxOQoMsF,2
Sat May 05 13:47:00 +0000 2018,XLM (Stellar Lumens) https://t.co/KOYxXPFN5w,0
Sat May 05 13:18:20 +0000 2018,10 stellar places for stargazing https://t.co/j5hJ49TeSs,2
Sat May 05 10:49:04 +0000 2018,“Superbloom is poised to set the standard for token exchanges in 2018...” read on: https://t.co/caHB9Avgce #crypto… https://t.co/nM9NxQBa5L,4
Sat May 05 10:15:27 +0000 2018,Something I wish all undergrad STEM students knew: you can be a great scientist without being a stellar student. Sc… https://t.co/WxErehGgPt,3370
Sat May 05 09:07:02 +0000 2018,Pep Guardiola Claims Man City 'Were Not Ready' for UCL Title Despite Stellar League Campaign https://t.co/ie8IjlbjVQ https://t.co/ZlX3aUFByA,0
Sat May 05 06:27:38 +0000 2018,Major Automakers Aim to Bring Blockchain to Cars https://t.co/XSFkLrdEmq,17
Sat May 05 06:26:08 +0000 2018,Listening to #IkawLangSapatNa for the first time. Crazy how this started  i’m happy for you. Congrats… https://t.co/mKKDM5LjCT,46
Sat May 05 06:13:54 +0000 2018,“Superbloom is poised to set the standard for token exchanges in 2018...” read on: https://t.co/caHB9Avgce #crypto… https://t.co/nM9NxQBa5L,4
Sat May 05 06:10:36 +0000 2018,We’re very pleased to announce that @StellarOrg is working with @KeybaseIO through a special instance of SDF’s part… https://t.co/zUmeC9hdTl,10
Sat May 05 06:00:07 +0000 2018,Kevin LaSure  the Academy's track &amp; field head coach  led a stellar group of student-athletes to success in Divisio… https://t.co/eBfxOQoMsF,2
Sat May 05 05:46:46 +0000 2018,@LycaonVictus Stellar and fitting Haiku,0
Sat May 05 05:35:58 +0000 2018,The wait is FINALLY over! We're excited to announce the results of the 6th Stellar Build Challenge. There were over… https://t.co/lMILPSCSmf,230
Sat May 05 05:30:44 +0000 2018,The wait is FINALLY over! We're excited to announce the results of the 6th Stellar Build Challenge. There were over… https://t.co/lMILPSCSmf,230
Sat May 05 05:22:52 +0000 2018,We’re very pleased to announce that @StellarOrg is working with @KeybaseIO through a special instance of SDF’s part… https://t.co/zUmeC9hdTl,10
Sat May 05 05:18:26 +0000 2018,We’re very pleased to announce that @StellarOrg is working with @KeybaseIO through a special instance of SDF’s part… https://t.co/zUmeC9hdTl,10
Sat May 05 04:38:33 +0000 2018,Stellar diving play by Marcus Semien up the middle  throw is wide  and Matt Olson comes off the bag to make the swi… https://t.co/2Laq6Y8zPn,0
Sat May 05 04:30:37 +0000 2018,We’re very pleased to announce that @StellarOrg is working with @KeybaseIO through a special instance of SDF’s part… https://t.co/zUmeC9hdTl,10
Sat May 05 04:28:47 +0000 2018,We’re very pleased to announce that @StellarOrg is working with @KeybaseIO through a special instance of SDF’s part… https://t.co/zUmeC9hdTl,10
Sat May 05 04:28:14 +0000 2018,Something I wish all undergrad STEM students knew: you can be a great scientist without being a stellar student. Sc… https://t.co/WxErehGgPt,3370
Sat May 05 04:25:48 +0000 2018,50 % dari staf Yayasan Pembangunan Bintang adalah wanita.. ;) https://t.co/5OzER3FeDT https://t.co/hP3DHwyhn2,0
Sat May 05 04:18:30 +0000 2018,@dtodd_411 @JoyAnnReid It’s quite likely her child’s admissions prospects are limited given her boorish behavior. E… https://t.co/QAc11pn7Dd,1
Sat May 05 04:17:33 +0000 2018,@dtodd_411 @JoyAnnReid It’s quite likely her child’s admissions prospects are limited given her boorish behavior. E… https://t.co/QAc11pn7Dd,1
Sat May 05 04:16:23 +0000 2018,"Stellar Asset is a place to discover  explore  and analyze the various assets on the Stellar network."… https://t.co/ojBgRasHmp,0
Sat May 05 04:13:17 +0000 2018,XLM is leading Asian crypto markets... https://t.co/8flZlyrvzN - Newsbtc - Today's Bitcoin News,1
Sat May 05 04:05:10 +0000 2018,Shape is a project to empower organisations to reward supporters for value added services or tasks and is built on… https://t.co/JYqfFoTavZ,0
Sat May 05 04:03:31 +0000 2018,BayPay Thought Leadership with Jed McCaleb  Co-founder and CTO of Stellar Development Foundation. https://t.co/VxBSFRlYOp,0
Sat May 05 04:01:45 +0000 2018,Official announcement from Bitfinex. https://t.co/fZ2nkave8w,0
Sat May 05 03:12:42 +0000 2018,Bitcoin  Ethereum  Bitcoin Cash  Ripple  Stellar  Litecoin  Cardano  IOTA  EOS: Price Analysis  May 04 $ETH https://t.co/j4VIS0UnDU,1
Sat May 05 03:01:25 +0000 2018,Bitcoin  Ethereum  Bitcoin Cash  Ripple  Stellar  Litecoin  Cardano  IOTA  EOS: Price Analysis  May 04 $ETH https://t.co/j4VIS0UnDU,1
Sat May 05 02:56:57 +0000 2018,Você fala português ? https://t.co/xxCQrcn7LA,0
Sat May 05 02:33:40 +0000 2018,@NagelsmannIn I mean  I wouldn't reject him  but he doesn't bring anything that James and Müller don't already cove… https://t.co/cLj8ucTuVT,0
Sat May 05 02:27:04 +0000 2018,@linnieVII Bananas is a stellar cat name.,0
Sat May 05 02:25:48 +0000 2018,That got out in a hurry for @bcraw35    #SFGiants https://t.co/HMqDYgOi22,74
Sat May 05 02:23:32 +0000 2018,Something I wish all undergrad STEM students knew: you can be a great scientist without being a stellar student. Sc… https://t.co/WxErehGgPt,3370
Sat May 05 02:16:55 +0000 2018,We've won 7 of our last 9 games. What a way to end April.  #SFGiants https://t.co/xeRsBJetEX,404
Sat May 05 01:58:15 +0000 2018,“Superbloom is poised to set the standard for token exchanges in 2018...” read on: https://t.co/caHB9Avgce #crypto… https://t.co/nM9NxQBa5L,4
Sat May 05 01:34:52 +0000 2018,HT Lindenwood 24-0 BYU. Hawkins adds a stellar sideline conversion &amp; the FH is 4-4 off the tee  including the PK. P… https://t.co/ioQlPuxki0,1
Sat May 05 01:28:49 +0000 2018,HT Lindenwood 24-0 BYU. Hawkins adds a stellar sideline conversion &amp; the FH is 4-4 off the tee  including the PK. P… https://t.co/ioQlPuxki0,1
Sat May 05 01:11:17 +0000 2018,Stellar superficial+DEEP details on Trey Anastasio’s gear and his relationship with it. LOVE: knowing your tools &amp;… https://t.co/E6ghnPRWlB,0
Sat May 05 01:02:33 +0000 2018,Double standard. A code containing different provisions for one group of people than for another  especially an unw… https://t.co/rgOdre0tol,14101
Sat May 05 00:10:24 +0000 2018,Something I wish all undergrad STEM students knew: you can be a great scientist without being a stellar student. Sc… https://t.co/WxErehGgPt,3370
