Sat Jun 23 23:19:34 +0000 2018,.@CNBCFastMoney thank you so much for stopping your coverage on #cryptocurrency! You mislead people who don't fully… https://t.co/oYsAmRp0xo,0
Sat Jun 23 19:07:46 +0000 2018,Learn what you need to know about #iota before you #invest  #Cryptocurrency #blockchain #bitcoin #Crypto… https://t.co/AeXcK1iZLn,17
Sat Jun 23 18:19:26 +0000 2018,This is HUGE! #AWordToTheWise https://t.co/VxpYK9DQgB,1
Sat Jun 23 18:19:00 +0000 2018,This is HUGE! #AWordToTheWise https://t.co/VxpYK9DQgB,1
Sat Jun 23 18:10:43 +0000 2018,A project called #Civil aims to us #cryptocurrency and #blockchain to disrupt the #news industry.  1st target is in… https://t.co/wKcTuiwU3G,5
Sat Jun 23 18:04:02 +0000 2018,@miniver @iwelsh @AnaMardoll I'm still sick in bed with ConCrud (sinusitis and bronchitis) after flights from Europ… https://t.co/CaXJs8maNr,0
Sat Jun 23 16:06:20 +0000 2018,your project want to be featured and listed on our Platform  @Bitex_Global and #BitexGlobal #TokenSale #ICO… https://t.co/fl8bIiGGTN,0
Sat Jun 23 14:51:08 +0000 2018,Learn what you need to know about #iota before you #invest  #Cryptocurrency #blockchain #bitcoin #Crypto… https://t.co/AeXcK1iZLn,17
Sat Jun 23 10:21:51 +0000 2018,my friends ask me about you and I happily share information with  @Bitex_Global and #BitexGlobal #TokenSale #ICO… https://t.co/qht2lb7cvA,0
Sat Jun 23 10:21:43 +0000 2018,making crypto currencies! Very competent and interesting project which cYould @Bitex_Global and #BitexGlobal… https://t.co/mIe1oF8GEy,0
Sat Jun 23 10:15:51 +0000 2018,TYD Tokens will be used to gain full and unlimited access to TYDO products - Trade Terminal #TYDO #trading… https://t.co/chw8vN67CA,0
Sat Jun 23 10:15:43 +0000 2018,It has come as a shock to all of us but Tim Slavens plans to retire after the 2012 racing season.. #TYDO #trading… https://t.co/5hNKiV2V7p,0
Sat Jun 23 10:15:36 +0000 2018,this opportunity slip through! Every minute of our life is worth its weight in gold #TYDO #trading #terminal #ico… https://t.co/bMSJhwASOj,0
Sat Jun 23 10:14:51 +0000 2018,Do you want to spend your time profitably? So you should find something very interesting  #TYDO #trading #terminal… https://t.co/COm74BiTVv,0
Sat Jun 23 10:14:40 +0000 2018,The next level will be connecting cryptocurrencies The future of a community powered financial system.   #TYDO… https://t.co/AqGiIFLx6n,0
Sat Jun 23 10:12:43 +0000 2018,startegic investment agreement and MPCX's plans as well as answer our community questions! #MPCXP #Cryptocurrency#b… https://t.co/GY3fbczrXk,0
Sat Jun 23 10:08:13 +0000 2018,#GigTricks #GigTricksICO #ICO #Cryptocurrency #Blockchain https://t.co/jZaoJaLQLh,0
Sat Jun 23 10:08:07 +0000 2018,#GigTricks #GigTricksICO #ICO #Cryptocurrency #Blockchain https://t.co/MnNy53ztlm,0
Sat Jun 23 10:08:00 +0000 2018,#GigTricks #GigTricksICO #ICO #Cryptocurrency #Blockchain https://t.co/TVkFjrRWBb,0
Sat Jun 23 10:07:55 +0000 2018,#GigTricks #GigTricksICO #ICO #Cryptocurrency #Blockchain https://t.co/q3HWKHyk1W,0
Sat Jun 23 10:07:43 +0000 2018,#GigTricks #GigTricksICO #ICO #Cryptocurrency #Blockchain https://t.co/jCR8ghKDJj,0
Sat Jun 23 10:07:39 +0000 2018,#GigTricks #GigTricksICO #ICO #Cryptocurrency #Blockchain https://t.co/vRzECZlWTb,0
Sat Jun 23 10:04:53 +0000 2018,#bitcoin #cryptocurrency #btc  #ZeroCarbonProject  https://t.co/v9hmZuiVRR,0
Sat Jun 23 08:09:52 +0000 2018,Learn what you need to know about #iota before you #invest  #Cryptocurrency #blockchain #bitcoin #Crypto… https://t.co/AeXcK1iZLn,17
Sat Jun 23 05:59:35 +0000 2018,Very simple desktop miner! I'm liking it so far in comparison to @NiceHash https://t.co/k0xGhkL3ow  #BTC #TRX #Tron… https://t.co/IuKcB7dOM1,0
Sat Jun 23 01:32:59 +0000 2018,Learn what you need to know about #iota before you #invest  #Cryptocurrency #blockchain #bitcoin #Crypto… https://t.co/AeXcK1iZLn,17
