Mon Oct 01 15:14:37 +0000 2018,Speculative Projections for the Next Cryptocurrency Bull Market (2018-2019) -   Bitcoin $BTC - $120 000 Litecoin… https://t.co/s16dtZWwHL,404
Mon Oct 01 06:33:52 +0000 2018,Speculative Projections for the Next Cryptocurrency Bull Market (2018-2019) -   Bitcoin $BTC - $120 000 Litecoin… https://t.co/s16dtZWwHL,404
Mon Oct 01 04:18:23 +0000 2018,Speculative Projections for the Next Cryptocurrency Bull Market (2018-2019) -   Bitcoin $BTC - $120 000 Litecoin… https://t.co/s16dtZWwHL,404
Mon Oct 01 01:26:31 +0000 2018,Speculative Projections for the Next Cryptocurrency Bull Market (2018-2019) -   Bitcoin $BTC - $120 000 Litecoin… https://t.co/s16dtZWwHL,404
