Thu Oct 25 20:09:36 +0000 2018,Congrats to the @monero community: "Monero Transaction Fees Reduced by 97% After Bulletproofs Upgrade" https://t.co/vCxopOtdLA #XMR,38
Thu Oct 25 19:30:48 +0000 2018,https://t.co/9jsp4gk3TQ Can music be the answer to everything?: Howard Chu certainly seems to think so. He uses mus… https://t.co/zQCEv9tM4C,0
Thu Oct 25 19:04:53 +0000 2018,Congrats to the @monero community: "Monero Transaction Fees Reduced by 97% After Bulletproofs Upgrade" https://t.co/vCxopOtdLA #XMR,38
Thu Oct 25 18:52:10 +0000 2018,Congrats to the @monero community: "Monero Transaction Fees Reduced by 97% After Bulletproofs Upgrade" https://t.co/vCxopOtdLA #XMR,38
Thu Oct 25 16:28:38 +0000 2018,Congrats to the @monero community: "Monero Transaction Fees Reduced by 97% After Bulletproofs Upgrade" https://t.co/vCxopOtdLA #XMR,38
Thu Oct 25 16:14:22 +0000 2018,Congrats to the @monero community: "Monero Transaction Fees Reduced by 97% After Bulletproofs Upgrade" https://t.co/vCxopOtdLA #XMR,38
Thu Oct 25 15:37:44 +0000 2018,Congrats to the @monero community: "Monero Transaction Fees Reduced by 97% After Bulletproofs Upgrade" https://t.co/vCxopOtdLA #XMR,38
Thu Oct 25 13:50:34 +0000 2018,Congrats to the @monero community: "Monero Transaction Fees Reduced by 97% After Bulletproofs Upgrade" https://t.co/vCxopOtdLA #XMR,38
Thu Oct 25 13:45:46 +0000 2018,Congrats to the @monero community: "Monero Transaction Fees Reduced by 97% After Bulletproofs Upgrade" https://t.co/vCxopOtdLA #XMR,38
Thu Oct 25 13:23:58 +0000 2018,Congrats to the @monero community: "Monero Transaction Fees Reduced by 97% After Bulletproofs Upgrade" https://t.co/vCxopOtdLA #XMR,38
Thu Oct 25 12:46:14 +0000 2018,Congrats to the @monero community: "Monero Transaction Fees Reduced by 97% After Bulletproofs Upgrade" https://t.co/vCxopOtdLA #XMR,38
Thu Oct 25 11:40:50 +0000 2018,Congrats to the @monero community: "Monero Transaction Fees Reduced by 97% After Bulletproofs Upgrade" https://t.co/vCxopOtdLA #XMR,38
Thu Oct 25 11:27:48 +0000 2018,Congrats to the @monero community: "Monero Transaction Fees Reduced by 97% After Bulletproofs Upgrade" https://t.co/vCxopOtdLA #XMR,38
Thu Oct 25 09:47:55 +0000 2018,Congrats to the @monero community: "Monero Transaction Fees Reduced by 97% After Bulletproofs Upgrade" https://t.co/vCxopOtdLA #XMR,38
Thu Oct 25 08:09:21 +0000 2018,Congrats to the @monero community: "Monero Transaction Fees Reduced by 97% After Bulletproofs Upgrade" https://t.co/vCxopOtdLA #XMR,38
Thu Oct 25 07:42:36 +0000 2018,Congrats to the @monero community: "Monero Transaction Fees Reduced by 97% After Bulletproofs Upgrade" https://t.co/vCxopOtdLA #XMR,38
Thu Oct 25 07:30:43 +0000 2018,Congrats to the @monero community: "Monero Transaction Fees Reduced by 97% After Bulletproofs Upgrade" https://t.co/vCxopOtdLA #XMR,38
Thu Oct 25 07:23:31 +0000 2018,Congrats to the @monero community: "Monero Transaction Fees Reduced by 97% After Bulletproofs Upgrade" https://t.co/vCxopOtdLA #XMR,38
Thu Oct 25 07:22:46 +0000 2018,Congrats to the @monero community: "Monero Transaction Fees Reduced by 97% After Bulletproofs Upgrade" https://t.co/vCxopOtdLA #XMR,38
Thu Oct 25 07:06:32 +0000 2018,Congrats to the @monero community: "Monero Transaction Fees Reduced by 97% After Bulletproofs Upgrade" https://t.co/vCxopOtdLA #XMR,38
Thu Oct 25 07:04:17 +0000 2018,Congrats to the @monero community: "Monero Transaction Fees Reduced by 97% After Bulletproofs Upgrade" https://t.co/vCxopOtdLA #XMR,38
Thu Oct 25 06:52:18 +0000 2018,Congrats to the @monero community: "Monero Transaction Fees Reduced by 97% After Bulletproofs Upgrade" https://t.co/vCxopOtdLA #XMR,38
Thu Oct 25 06:17:32 +0000 2018,Congrats to the @monero community: "Monero Transaction Fees Reduced by 97% After Bulletproofs Upgrade" https://t.co/vCxopOtdLA #XMR,38
Thu Oct 25 06:12:29 +0000 2018,Congrats to the @monero community: "Monero Transaction Fees Reduced by 97% After Bulletproofs Upgrade" https://t.co/vCxopOtdLA #XMR,38
Thu Oct 25 05:49:36 +0000 2018,Congrats to the @monero community: "Monero Transaction Fees Reduced by 97% After Bulletproofs Upgrade" https://t.co/vCxopOtdLA #XMR,38
Thu Oct 25 05:48:50 +0000 2018,Congrats to the @monero community: "Monero Transaction Fees Reduced by 97% After Bulletproofs Upgrade" https://t.co/vCxopOtdLA #XMR,38
Thu Oct 25 05:45:10 +0000 2018,Congrats to the @monero community: "Monero Transaction Fees Reduced by 97% After Bulletproofs Upgrade" https://t.co/vCxopOtdLA #XMR,38
Thu Oct 25 05:38:46 +0000 2018,Congrats to the @monero community: "Monero Transaction Fees Reduced by 97% After Bulletproofs Upgrade" https://t.co/vCxopOtdLA #XMR,38
Thu Oct 25 05:37:06 +0000 2018,Congrats to the @monero community: "Monero Transaction Fees Reduced by 97% After Bulletproofs Upgrade" https://t.co/vCxopOtdLA #XMR,38
Thu Oct 25 05:36:51 +0000 2018,Congrats to the @monero community: "Monero Transaction Fees Reduced by 97% After Bulletproofs Upgrade" https://t.co/vCxopOtdLA #XMR,38
Thu Oct 25 05:34:36 +0000 2018,Congrats to the @monero community: "Monero Transaction Fees Reduced by 97% After Bulletproofs Upgrade" https://t.co/vCxopOtdLA #XMR,38
Thu Oct 25 05:34:06 +0000 2018,Congrats to the @monero community: "Monero Transaction Fees Reduced by 97% After Bulletproofs Upgrade" https://t.co/vCxopOtdLA #XMR,38
Thu Oct 25 05:33:15 +0000 2018,Congrats to the @monero community: "Monero Transaction Fees Reduced by 97% After Bulletproofs Upgrade" https://t.co/vCxopOtdLA #XMR,38
Thu Oct 25 05:33:10 +0000 2018,Congrats to the @monero community: "Monero Transaction Fees Reduced by 97% After Bulletproofs Upgrade" https://t.co/vCxopOtdLA #XMR,38
Thu Oct 25 05:32:49 +0000 2018,Congrats to the @monero community: "Monero Transaction Fees Reduced by 97% After Bulletproofs Upgrade" https://t.co/vCxopOtdLA #XMR,38
Thu Oct 25 05:21:51 +0000 2018,Congrats to the @monero community: "Monero Transaction Fees Reduced by 97% After Bulletproofs Upgrade" https://t.co/vCxopOtdLA #XMR,38
Thu Oct 25 05:20:14 +0000 2018,Congrats to the @monero community: "Monero Transaction Fees Reduced by 97% After Bulletproofs Upgrade" https://t.co/vCxopOtdLA #XMR,38
