Sun Jun 24 06:25:41 +0000 2018,“Adding Ethereum Classic Support to Coinbase” by @coinbase https://t.co/6scWqewrkG,0
Sun Jun 24 05:01:11 +0000 2018,[PH] 📂 Blockchain  └📁 Ethereum      └📁 Decentralized apps           └ 👇👇👇👇👇 https://t.co/o2kgGkrwoi,0
