Thu Nov 01 23:58:31 +0000 2018,U.S. Charges 2 Former Goldman Bankers and Financier in Vast Malaysian Fraud https://t.co/yEjzHahIJj,0
Thu Nov 01 23:55:11 +0000 2018,NorthWest Healthcare Properties Real Estate Investment Trust Announces Timing of Third Quarter 2018 Results and Con… https://t.co/iVHJEY3PKX,0
Thu Nov 01 23:55:01 +0000 2018,Autonomous vehicle are our future. @TrinityVentures partner @AjayChopra discusses how @MapperAI is accelerating the… https://t.co/KzMzp4aygY,0
Thu Nov 01 23:45:53 +0000 2018,If you would like a step-by-step guide of the bundle purchase process  or if you just like reading about epic inves… https://t.co/E7XZHahyqu,2502
Thu Nov 01 23:45:27 +0000 2018,Fun  sweat  and tears... The 3 main ingredients put into the CoinBundle investment platform.   ❤️… https://t.co/6lKqV163OV,3524
Thu Nov 01 23:42:48 +0000 2018,Wildex Investment Prepares Portfolios for a Period of Preservation amid Market Volatility https://t.co/Far37i4odP… https://t.co/MUzffRHeiP,0
Thu Nov 01 23:41:37 +0000 2018,My latest on @crunchbasenews Check out the U.S. China Green Fund  which is using a dual investment strategy to make… https://t.co/B2kmei9FhO,2
Thu Nov 01 23:40:19 +0000 2018,Places where there had been measurable differences made  it had been when there was investment not just in increasi… https://t.co/T8d8qT1HhU,18
Thu Nov 01 23:39:10 +0000 2018,OH: “you don’t get what you deserve  you get what you negotiate”. Wisdom from the lips of an investment banker.,240
Thu Nov 01 23:38:19 +0000 2018,My latest on @crunchbasenews Check out the U.S. China Green Fund  which is using a dual investment strategy to make… https://t.co/B2kmei9FhO,2
Thu Nov 01 23:33:04 +0000 2018,If you would like a step-by-step guide of the bundle purchase process  or if you just like reading about epic inves… https://t.co/E7XZHahyqu,2502
Thu Nov 01 23:26:03 +0000 2018,Goldman Sachs Bankers and Financier charged with aiding vast Malaysian fraud  https://t.co/NXsPX8VbBt https://t.co/WkYrNn8G3C,0
Thu Nov 01 23:24:22 +0000 2018,Artis Real Estate Investment Trust (ARESF: OTCQX International Premier) | Artis Real Estate Investment Trust Releas… https://t.co/Enk8H1UkXi,0
Thu Nov 01 23:24:02 +0000 2018,Not to be dramatic but the Equinox is the best life investment I’ve made thus far.,0
Thu Nov 01 23:17:38 +0000 2018,This is the first Saudi-backed US tech investment annoucned since the Khashoggi crisis began.   Shows that at least… https://t.co/xgYYfwoX7G,2
Thu Nov 01 23:11:48 +0000 2018,this is 2018: Saudi-backed SoftBank Vision Fund's latest investment values Zume  a Silicon Valley start-up that use… https://t.co/p2QYmF1Pep,3
Thu Nov 01 23:08:39 +0000 2018,We understand that crypto newbies have only seen the tip of the investing iceberg.  Speaking of tips… peek at these… https://t.co/45GXBFvpLf,4324
Thu Nov 01 23:08:34 +0000 2018,Excited to see @HelloAngels entrepreneur @selenecruzin talking about the power of Female Founders Office Hours. It’… https://t.co/Uk7vgQhX4o,1
Thu Nov 01 23:07:39 +0000 2018,this is 2018: Saudi-backed SoftBank Vision Fund's latest investment values Zume  a Silicon Valley start-up that use… https://t.co/p2QYmF1Pep,3
Thu Nov 01 23:07:20 +0000 2018,This is the first Saudi-backed US tech investment annoucned since the Khashoggi crisis began.   Shows that at least… https://t.co/xgYYfwoX7G,2
Thu Nov 01 23:06:24 +0000 2018,Excited to see @HelloAngels entrepreneur @selenecruzin talking about the power of Female Founders Office Hours. It’… https://t.co/Uk7vgQhX4o,1
Thu Nov 01 23:01:37 +0000 2018,#bitcoin #btc #zilliqa #zil #scilla #ethereum #eth #criptokitties #solidity #blockchain #crypto #cryptocurrency… https://t.co/nZG7RLe7m5,0
Thu Nov 01 23:01:02 +0000 2018,#automotive #autonomousvehicles https://t.co/NYhXtjYTLe,0
Thu Nov 01 23:00:17 +0000 2018,8 Reasons Why Coaching New Managers is a Wise Investment https://t.co/pX9BoDNVH7 via @bizshrink,5
Thu Nov 01 22:59:57 +0000 2018,GM is 'far less risky' than Tesla  if you want to invest in the future of transportation https://t.co/E5VnaqIXgt via @businessinsider,0
Thu Nov 01 22:54:22 +0000 2018,Corona police officer Jason Perez has promised to have CalPERS focus above all else on maximizing investment return… https://t.co/nnfPtkrWks,0
Thu Nov 01 22:46:08 +0000 2018,@Portfolia1 broke new ground today as the 1st fund EVER to close w 249 members! Our #FemTech fund saw unparalled in… https://t.co/jAjl3Sx17y,5
Thu Nov 01 22:43:48 +0000 2018,Rockset launches out of stealth with $21.5 M investment https://t.co/iLLgMRBQBi,0
Thu Nov 01 22:34:17 +0000 2018,X-Block secures $0.4 Million investment by Consensus Future Capital. CFC invests in early stage technology startups… https://t.co/A1n4OUXDj6,284
Thu Nov 01 22:32:16 +0000 2018,Excited to announce our investment in @WearKinetic @helhawary alongside @bradsvrluga @yesitsmecrissy and the great… https://t.co/Fi7Xet2F4I,2
Thu Nov 01 22:26:27 +0000 2018,Get $5 for your first investment of $100 on #coinbundle. 😍  ⚡️ Sign up using this link: https://t.co/p0qJt02xvQ https://t.co/T7MMHTe3le,7148
Thu Nov 01 22:26:07 +0000 2018,I know that the best investment is in creating meaningful technology that allows people throughout the world to amp… https://t.co/cc1QvN85dl,2
Thu Nov 01 22:25:57 +0000 2018,Places where there had been measurable differences made  it had been when there was investment not just in increasi… https://t.co/T8d8qT1HhU,18
Thu Nov 01 22:16:40 +0000 2018,And we're live! Please check out the CoinBundle Investment Platform on @ProductHunt and show your support!… https://t.co/JYBY3V4mD6,16
Thu Nov 01 22:16:38 +0000 2018,There is no such thing as a silly question. Drop by our space on @ProductHunt and ask us about the CoinBundle inves… https://t.co/IYPavjxrhU,5409
Thu Nov 01 22:15:09 +0000 2018,Crypto Myth: Making money in the crypto market is super easy. 💸  Sure  you may moon on a lucky investment  but the… https://t.co/yqP0v4OP31,2495
Thu Nov 01 22:04:17 +0000 2018,GitHub: "We will begin a systemic practice of validating failure scenarios before they have a chance to affect you.… https://t.co/8aqYB8IFbh,13
Thu Nov 01 22:00:18 +0000 2018,"Funding secured."  Seriously though  super excited that @tomloverro @IVP and @BessemerVP are joining us in our que… https://t.co/XkOu9iSSny,0
Thu Nov 01 21:56:05 +0000 2018,If you would like a step-by-step guide of the bundle purchase process  or if you just like reading about epic inves… https://t.co/E7XZHahyqu,2502
Thu Nov 01 21:55:52 +0000 2018,Fun  sweat  and tears... The 3 main ingredients put into the CoinBundle investment platform.   ❤️… https://t.co/6lKqV163OV,3524
Thu Nov 01 21:54:31 +0000 2018,We (Argentina) is on the right path and building a great investment ecosystem. We will see more 🦄 soon! @Arcap_… https://t.co/ZYQxEePNcM,0
Thu Nov 01 21:51:56 +0000 2018,Unfortunately not surprising. If decades of structuring company financials to avoid paying taxes at all costs didn’… https://t.co/N40ki2jKyU,0
Thu Nov 01 21:49:50 +0000 2018,8 Reasons Why Coaching New Managers is a Wise Investment https://t.co/pX9BoDNVH7 via @bizshrink,5
Thu Nov 01 21:49:42 +0000 2018,8 Reasons Why Coaching New Managers is a Wise Investment https://t.co/pX9BoDNVH7 via @bizshrink,5
Thu Nov 01 21:49:12 +0000 2018,8 Reasons Why Coaching New Managers is a Wise Investment https://t.co/pX9BoDNVH7 via @bizshrink,5
Thu Nov 01 21:49:02 +0000 2018,8 Reasons Why Coaching New Managers is a Wise Investment https://t.co/pX9BoDNVH7 via @bizshrink,5
Thu Nov 01 21:45:22 +0000 2018,My latest on @crunchbasenews Check out the U.S. China Green Fund  which is using a dual investment strategy to make… https://t.co/B2kmei9FhO,2
Thu Nov 01 21:44:26 +0000 2018,There’s much more to discover #beyondmutualfunds  stocks and bonds. Check out this video to get familiar with the a… https://t.co/oF5qv3aFfG,0
Thu Nov 01 21:34:02 +0000 2018,Rockset launches out of stealth with $21.5 M investment https://t.co/mgfqA8JYRg by @ron_miller https://t.co/fWzkKjtarO,15
Thu Nov 01 21:31:24 +0000 2018,Can I do investment banking with my a levels? via /r/careerguidance https://t.co/GrmkcJDN2V,0
Thu Nov 01 21:30:22 +0000 2018,Congratulations to @mitchellh and the @HashiCorp team on the new investment round 👏👏 $100M on a $1.1B valuation!… https://t.co/nItKelkrce,0
Thu Nov 01 21:30:00 +0000 2018,Chief Investment Officer Mike Wilson says U.S. equities investors should likely wait for two key events before “buy… https://t.co/6WlecOBttc,0
Thu Nov 01 21:26:50 +0000 2018,Get $5 for your first investment of $100 on #coinbundle. 😍  ⚡️ Sign up using this link: https://t.co/p0qJt02xvQ https://t.co/T7MMHTe3le,7148
Thu Nov 01 21:24:19 +0000 2018,Canopy Growth Closes $5 Billion Constellation Brands Investment Transaction https://t.co/sHSEGsP4QI,0
Thu Nov 01 21:18:38 +0000 2018,Get $5 for your first investment of $100 on #coinbundle. 😍  ⚡️ Sign up using this link: https://t.co/p0qJt02xvQ https://t.co/T7MMHTe3le,7148
Thu Nov 01 21:17:29 +0000 2018,Are you considering @Azure Stack? In the second part of this series  discover the unique use cases and differences… https://t.co/KNDxtSKBNv,0
Thu Nov 01 21:16:22 +0000 2018,Looking at which debts to pay off? The short answer is to pay off debt with the highest interest rate first - it's… https://t.co/wDsNSotNfc,0
Thu Nov 01 21:15:09 +0000 2018,What do #CRE experts need to know about the #OpportunityZoneProgram? 🚧🚫 Read more and subscribe with… https://t.co/3pRa9lX8xw,1
Thu Nov 01 21:02:08 +0000 2018,@tolmasky It’s not worth the investment otherwise. 🤷‍♂️,0
Thu Nov 01 21:01:10 +0000 2018,We understand that crypto newbies have only seen the tip of the investing iceberg.  Speaking of tips… peek at these… https://t.co/45GXBFvpLf,4324
Thu Nov 01 21:00:56 +0000 2018,If you would like a step-by-step guide of the bundle purchase process  or if you just like reading about epic inves… https://t.co/E7XZHahyqu,2502
Thu Nov 01 21:00:02 +0000 2018,Many investors don’t know is that cannabis is becoming a mainstream investment opportunity. Learn more at our next… https://t.co/1pIzUYabVd,0
Thu Nov 01 20:55:20 +0000 2018,Partners Real Estate Investment Trust (PTSRF: Pink Current) | Scheduled Ex-Dividend https://t.co/QsaynzRdbF,0
Thu Nov 01 20:52:00 +0000 2018,#MorganStanley: #Bitcoin #BTC has become an institutional #investment class  https://t.co/XHwlGB2Xj8,0
Thu Nov 01 20:42:28 +0000 2018,One of these comic books will be worth $10 000 000 in 100 years  but only BRUTAS THE BADASS is an investment that y… https://t.co/eYgR9AQL2y,0
Thu Nov 01 20:41:57 +0000 2018,"@Uber received proposals from investment banks that pegged the ride-hailing firm’s IPO valuation at $120B [...] gr… https://t.co/i2lnsUg1I3,0
Thu Nov 01 20:40:22 +0000 2018,The team at @RocksetCloud is building a severless  schemaless  SQL data engine. It's been a privilege to work with… https://t.co/CcCoMYXdA1,12
Thu Nov 01 20:40:15 +0000 2018,https://t.co/YYdHaR2hcq,0
Thu Nov 01 20:27:29 +0000 2018,OUSD Principal Carmelita Reyes on budget “...our district can identify central office programs that provide higher… https://t.co/Fg7FPLN4Xb,3
Thu Nov 01 20:26:12 +0000 2018,Rockset launches out of stealth with $21.5 M investment https://t.co/mgfqA8JYRg by @ron_miller https://t.co/fWzkKjtarO,15
Thu Nov 01 20:20:48 +0000 2018,OUSD Principal Carmelita Reyes on budget “...our district can identify central office programs that provide higher… https://t.co/Fg7FPLN4Xb,3
Thu Nov 01 20:10:36 +0000 2018,Fun  sweat  and tears... The 3 main ingredients put into the CoinBundle investment platform.   ❤️… https://t.co/6lKqV163OV,3524
Thu Nov 01 20:09:30 +0000 2018,Why IoT growth makes 5G investment necessary  #ioT #CloudSecurity #SmartCities #Cloud #Mobile #IoTWorld19… https://t.co/1qvZBJ0kgc,0
Thu Nov 01 20:07:41 +0000 2018,With a new $1.6 billion investment in Washington  D.C.  we’re teaming up with local leaders to address affordable h… https://t.co/aFAkBkc1Sw,87
Thu Nov 01 20:03:01 +0000 2018,We understand that crypto newbies have only seen the tip of the investing iceberg.  Speaking of tips… peek at these… https://t.co/45GXBFvpLf,4324
Thu Nov 01 20:02:51 +0000 2018,This is the first Saudi-backed US tech investment annoucned since the Khashoggi crisis began.   Shows that at least… https://t.co/xgYYfwoX7G,2
Thu Nov 01 19:55:51 +0000 2018,Get $5 for your first investment of $100 on #coinbundle. 😍  ⚡️ Sign up using this link: https://t.co/p0qJt02xvQ https://t.co/T7MMHTe3le,7148
Thu Nov 01 19:53:41 +0000 2018,#EU: The #Impacts of #Citizenship/Residency by Investment Schemes on the #RealEstate https://t.co/Ak0FY51ipT… https://t.co/wiJ1rvNQaJ,0
Thu Nov 01 19:48:25 +0000 2018,This gives you the motivation you need to mark your calendar and celebrate the achievement! Read more:… https://t.co/xrm1E7uGRA,0
Thu Nov 01 19:44:54 +0000 2018,@BPtheGasStation an investment,0
Thu Nov 01 19:42:20 +0000 2018,With a new $1.6 billion investment in Washington  D.C.  we’re teaming up with local leaders to address affordable h… https://t.co/aFAkBkc1Sw,87
Thu Nov 01 19:37:02 +0000 2018,#ValueEngineering for Outcome-based Bets: new #casestudy on innovation #portfolio #management  #product strategy an… https://t.co/Xi6CDKdzSE,0
Thu Nov 01 19:35:25 +0000 2018,We understand that crypto newbies have only seen the tip of the investing iceberg.  Speaking of tips… peek at these… https://t.co/45GXBFvpLf,4324
Thu Nov 01 19:30:02 +0000 2018,Marketplace spotlight: This investment property in Orange Park  #Florida is leased through October 2019 and has an… https://t.co/ilahCgEOUW,0
Thu Nov 01 19:30:00 +0000 2018,The 10 top emerging trends that will shape #RealEstate in 2019: https://t.co/GLMkZxAf8A by @patrickcsisson via… https://t.co/BZSIzC7Fh9,0
Thu Nov 01 19:27:40 +0000 2018,@Hadley Clearly waiting for an opportunity to build an investment thesis around some sort of iFart analogy. 💨,0
Thu Nov 01 19:25:33 +0000 2018,The team at @RocksetCloud is building a severless  schemaless  SQL data engine. It's been a privilege to work with… https://t.co/CcCoMYXdA1,12
Thu Nov 01 19:11:09 +0000 2018,@Portfolia1 broke new ground today as the 1st fund EVER to close w 249 members! Our #FemTech fund saw unparalled in… https://t.co/jAjl3Sx17y,5
Thu Nov 01 19:07:27 +0000 2018,@Portfolia1 broke new ground today as the 1st fund EVER to close w 249 members! Our #FemTech fund saw unparalled in… https://t.co/jAjl3Sx17y,5
Thu Nov 01 19:03:40 +0000 2018,@Portfolia1 broke new ground today as the 1st fund EVER to close w 249 members! Our #FemTech fund saw unparalled in… https://t.co/jAjl3Sx17y,5
Thu Nov 01 19:03:35 +0000 2018,Get $5 for your first investment of $100 on #coinbundle. 😍  ⚡️ Sign up using this link: https://t.co/p0qJt02xvQ https://t.co/T7MMHTe3le,7148
Thu Nov 01 19:01:36 +0000 2018,Find out how OmniSci can improve decision-making on investment strategies and portfolio management  and delivers a… https://t.co/bSabLtgew2,0
Thu Nov 01 18:59:52 +0000 2018,@Portfolia1 broke new ground today as the 1st fund EVER to close w 249 members! Our #FemTech fund saw unparalled in… https://t.co/jAjl3Sx17y,5
Thu Nov 01 18:57:36 +0000 2018,If you would like a step-by-step guide of the bundle purchase process  or if you just like reading about epic inves… https://t.co/E7XZHahyqu,2502
Thu Nov 01 18:55:47 +0000 2018,“Today  our clients – who are your company’s owners – are asking you to demonstrate the leadership and clarity that… https://t.co/WL9nnhtizP,0
Thu Nov 01 18:55:34 +0000 2018,We understand that crypto newbies have only seen the tip of the investing iceberg.  Speaking of tips… peek at these… https://t.co/45GXBFvpLf,4324
Thu Nov 01 18:54:57 +0000 2018,If you would like a step-by-step guide of the bundle purchase process  or if you just like reading about epic inves… https://t.co/E7XZHahyqu,2502
Thu Nov 01 18:51:00 +0000 2018,This is a really important point—I think US and California housing policy have focused far too much on the “good in… https://t.co/e8hj3Y3pHQ,0
Thu Nov 01 18:49:37 +0000 2018,Get $5 for your first investment of $100 on #coinbundle. 😍  ⚡️ Sign up using this link: https://t.co/p0qJt02xvQ https://t.co/T7MMHTe3le,7148
Thu Nov 01 18:48:58 +0000 2018,#bitcoin #btc #zilliqa #zil #scilla #ethereum #eth #criptokitties #solidity #blockchain #crypto #cryptocurrency… https://t.co/qfB1v6tBNm,0
Thu Nov 01 18:48:19 +0000 2018,#apple is reportedly considering investing in iHeartRadio #theverge https://t.co/IBSGPANcHx https://t.co/lilGVqVbH5,0
Thu Nov 01 18:47:46 +0000 2018,#Sustainable investment holdings totaled $12 trillion in assets under professional management in the beginning of 2… https://t.co/oY3rIqKyui,0
Thu Nov 01 18:47:10 +0000 2018,Deutsche Bank draws activist investment from former JPMorgan CFO https://t.co/KHTXBT0rms,0
Thu Nov 01 18:46:54 +0000 2018,Read the weekly investment strategy commentary from Raymond James Chief Investment Strategist Jeff Saut. https://t.co/hIwLdPrN05,0
Thu Nov 01 18:46:08 +0000 2018,Great panel: investment opportunities in Argentina! #ForoARGInversiones 2018 @Arcap_ https://t.co/vaZ71YeIB3,1
Thu Nov 01 18:39:59 +0000 2018,39% of institutional investors have a formal ESG policy in place  #energyefficiency investment central to hitting t… https://t.co/oH5YNaEqm3,0
Thu Nov 01 18:38:22 +0000 2018,Community investment act for the 21st century. Nextsystemproject https://t.co/cxR06HI296,0
Thu Nov 01 18:37:29 +0000 2018,Get $5 for your first investment of $100 on #coinbundle. 😍  ⚡️ Sign up using this link: https://t.co/p0qJt02xvQ https://t.co/T7MMHTe3le,7148
Thu Nov 01 18:34:10 +0000 2018,Get $5 for your first investment of $100 on #coinbundle. 😍  ⚡️ Sign up using this link: https://t.co/p0qJt02xvQ https://t.co/T7MMHTe3le,7148
Thu Nov 01 18:34:01 +0000 2018,Rockset launches out of stealth with $21.5 M investment https://t.co/mgfqA8JYRg by @ron_miller https://t.co/fWzkKjtarO,15
Thu Nov 01 18:33:19 +0000 2018,@vjon @skip_sf @SonjaTrauss @jimothy63 No  because it's vacant. X requires replacement if PDR space is demolished.… https://t.co/nWdQNBYfRH,0
Thu Nov 01 18:31:05 +0000 2018,With a new $1.6 billion investment in Washington  D.C.  we’re teaming up with local leaders to address affordable h… https://t.co/aFAkBkc1Sw,87
Thu Nov 01 18:22:29 +0000 2018,We understand that crypto newbies have only seen the tip of the investing iceberg.  Speaking of tips… peek at these… https://t.co/45GXBFvpLf,4324
Thu Nov 01 18:17:21 +0000 2018,Rockset launches out of stealth with $21.5 M investment https://t.co/mgfqA8JYRg by @ron_miller https://t.co/fWzkKjtarO,15
Thu Nov 01 18:17:00 +0000 2018,HashiCorp scores $100M investment on $1.9 billion valuation https://t.co/9GdtoEm6Dp by @ron_miller https://t.co/LhXqbXKUeo,9
Thu Nov 01 18:16:00 +0000 2018,Representatives from @capitalgtweets  Google’s growth equity investment arm  are also here. https://t.co/VfGLvzRkOh,0
Thu Nov 01 18:13:18 +0000 2018,A $774 billion investment giant is ramping up calls for a Tesla board shakeup — one that goes far beyond what the S… https://t.co/Je7Q8BGzkK,0
Thu Nov 01 18:12:42 +0000 2018,If you would like a step-by-step guide of the bundle purchase process  or if you just like reading about epic inves… https://t.co/E7XZHahyqu,2502
Thu Nov 01 18:08:39 +0000 2018,We are excited to announce that we just raised $37.5 million in venture funding https://t.co/c9Blxe2XNe,0
Thu Nov 01 18:06:04 +0000 2018,Republican coward dodges questions about his investment in website that inspired Pittsburgh shooter https://t.co/l7hyLriplH,0
Thu Nov 01 18:01:47 +0000 2018,$BID - Transcript - The elements of this technology strategy and investment are 1  digital infrastructure; 2  data;… https://t.co/JHkImX9PLk,0
Thu Nov 01 18:00:19 +0000 2018,X-Block secures $0.4 Million investment by Consensus Future Capital. CFC invests in early stage technology startups… https://t.co/A1n4OUXDj6,284
Thu Nov 01 17:58:47 +0000 2018,This video explains what Setter does - NFX's latest investment. https://t.co/xzwLN4Qm7P,0
Thu Nov 01 17:56:12 +0000 2018,Finding the right people and training them is a lot of work. Do you know what steps you can take to protect your in… https://t.co/CRJjiIVlbQ,0
Thu Nov 01 17:56:05 +0000 2018,With a new $1.6 billion investment in Washington  D.C.  we’re teaming up with local leaders to address affordable h… https://t.co/aFAkBkc1Sw,87
Thu Nov 01 17:48:36 +0000 2018,*silicon valley founder raises $10m+ from VCs* “So happy to announce our latest round!”  *3 weeks later* “Revenue i… https://t.co/VQ6uYl2Bqb,0
Thu Nov 01 17:47:35 +0000 2018,The team at @RocksetCloud is building a severless  schemaless  SQL data engine. It's been a privilege to work with… https://t.co/CcCoMYXdA1,12
Thu Nov 01 17:42:56 +0000 2018,Fun  sweat  and tears... The 3 main ingredients put into the CoinBundle investment platform.   ❤️… https://t.co/6lKqV163OV,3524
Thu Nov 01 17:37:34 +0000 2018,Rockset launches out of stealth with $21.5 M investment https://t.co/mgfqA8JYRg by @ron_miller https://t.co/fWzkKjtarO,15
Thu Nov 01 17:35:55 +0000 2018,Thanks to @gpiftweets for incl. us in an #ESG report to represent new evaluation methods that use Artificial Intell… https://t.co/M7oIvrseiB,0
Thu Nov 01 17:35:15 +0000 2018,#bitcoin #btc #zilliqa #zil #scilla #ethereum #eth #criptokitties #solidity #blockchain #crypto #cryptocurrency… https://t.co/OdJwvmPhfg,0
Thu Nov 01 17:33:12 +0000 2018,"If California does not modernize its ability to track the return on its investment in education  any push for sign… https://t.co/pZ9awv20iG,0
Thu Nov 01 17:29:52 +0000 2018,:7: I saw tons of similar legal opinion letters  (a) when I was an investment banker originating bond deals in the… https://t.co/vrvQrZ1WDj,0
Thu Nov 01 17:22:04 +0000 2018,#OpenHouse: 11/1 Thurs 5-7p  11/3 Sat 1-4p &amp; 11/4 Sun 1-4p All #Vacant  #MultiUnit building in hip and sunny… https://t.co/y1qMtWVm7r,0
Thu Nov 01 17:20:21 +0000 2018,#bitcoin #btc #zilliqa #zil #scilla #ethereum #eth #criptokitties #solidity #blockchain #crypto #cryptocurrency… https://t.co/i70GJffDNw,0
Thu Nov 01 17:19:24 +0000 2018,We understand that crypto newbies have only seen the tip of the investing iceberg.  Speaking of tips… peek at these… https://t.co/45GXBFvpLf,4324
Thu Nov 01 17:18:42 +0000 2018,We understand that crypto newbies have only seen the tip of the investing iceberg.  Speaking of tips… peek at these… https://t.co/45GXBFvpLf,4324
Thu Nov 01 17:18:23 +0000 2018,Get $5 for your first investment of $100 on #coinbundle. 😍  ⚡️ Sign up using this link: https://t.co/p0qJt02xvQ https://t.co/T7MMHTe3le,7148
Thu Nov 01 17:16:38 +0000 2018,We understand that crypto newbies have only seen the tip of the investing iceberg.  Speaking of tips… peek at these… https://t.co/45GXBFvpLf,4324
Thu Nov 01 17:16:36 +0000 2018,OUSD Principal Carmelita Reyes on budget “...our district can identify central office programs that provide higher… https://t.co/Fg7FPLN4Xb,3
Thu Nov 01 17:16:07 +0000 2018,OUSD Principal Carmelita Reyes on budget “...our district can identify central office programs that provide higher… https://t.co/Fg7FPLN4Xb,3
Thu Nov 01 17:08:58 +0000 2018,What is corporate venture capital (CVC)?  186 new CVC funds across the world made their first investment in 2017  a… https://t.co/2xc6pVpMRb,0
Thu Nov 01 17:04:49 +0000 2018,HashiCorp scores $100M investment on $1.9 billion valuation https://t.co/9GdtoEm6Dp by @ron_miller https://t.co/LhXqbXKUeo,9
Thu Nov 01 17:00:54 +0000 2018,So excited about @meetsetter - your personal home manager. Read about NFX's latest investment here alongside… https://t.co/PYcAbAT9K5,0
Thu Nov 01 16:51:54 +0000 2018,The team at @RocksetCloud is building a severless  schemaless  SQL data engine. It's been a privilege to work with… https://t.co/CcCoMYXdA1,12
Thu Nov 01 16:51:51 +0000 2018,BBCNEWS 9:50am FINANCIAL MARKETS. Bank of England leaves interest rates at O.75% MAIKE CURRIE. Investment Director. Fidelity...,0
Thu Nov 01 16:49:42 +0000 2018,More than 24 new private funds making bets on women launched in 2018 – a total of 87 such “gender-lens” funds have… https://t.co/V6lwYKpBOg,1
Thu Nov 01 16:47:39 +0000 2018,With a new $1.6 billion investment in Washington  D.C.  we’re teaming up with local leaders to address affordable h… https://t.co/aFAkBkc1Sw,87
Thu Nov 01 16:46:29 +0000 2018,More than 24 new private funds making bets on women launched in 2018 – a total of 87 such “gender-lens” funds have… https://t.co/V6lwYKpBOg,1
Thu Nov 01 16:44:07 +0000 2018,HashiCorp scores $100M investment on $1.9 billion valuation https://t.co/9GdtoEm6Dp by @ron_miller https://t.co/LhXqbXKUeo,9
Thu Nov 01 16:42:28 +0000 2018,One of these comic books will be worth $10 000 000 in 100 years  but only BRUTAS THE BADASS is an investment that y… https://t.co/DYh86xQcYw,0
Thu Nov 01 16:33:42 +0000 2018,HashiCorp scores $100M investment on $1.9 billion valuation https://t.co/9GdtoEm6Dp by @ron_miller https://t.co/LhXqbXKUeo,9
Thu Nov 01 16:30:20 +0000 2018,Embrace the permanence of change to get real value from your technology investment - Digital Doughnut… https://t.co/zUcsB0aRDo,4
Thu Nov 01 16:28:48 +0000 2018,Rockset launches out of stealth with $21.5 M investment https://t.co/mgfqA8JYRg by @ron_miller https://t.co/fWzkKjtarO,15
Thu Nov 01 16:27:49 +0000 2018,If you would like a step-by-step guide of the bundle purchase process  or if you just like reading about epic inves… https://t.co/E7XZHahyqu,2502
Thu Nov 01 16:23:05 +0000 2018,HashiCorp scores $100M investment on $1.9 billion valuation https://t.co/9GdtoEm6Dp by @ron_miller https://t.co/LhXqbXKUeo,9
Thu Nov 01 16:21:43 +0000 2018,Historic: 400 #womeninventure at the first-year @AllRaise summit 🙌🏼 Thank you @jennylefcourt &amp; @aileenlee &amp; the A+… https://t.co/AWfk7brmlG,0
Thu Nov 01 16:20:49 +0000 2018,We understand that crypto newbies have only seen the tip of the investing iceberg.  Speaking of tips… peek at these… https://t.co/45GXBFvpLf,4324
Thu Nov 01 16:19:02 +0000 2018,HashiCorp scores $100M investment on $1.9 billion valuation https://t.co/9GdtoEm6Dp by @ron_miller https://t.co/LhXqbXKUeo,9
Thu Nov 01 16:18:17 +0000 2018,https://t.co/NyIfkpG994,0
Thu Nov 01 16:17:09 +0000 2018,Get $5 for your first investment of $100 on #coinbundle. 😍  ⚡️ Sign up using this link: https://t.co/p0qJt02xvQ https://t.co/T7MMHTe3le,7148
Thu Nov 01 16:16:30 +0000 2018,HashiCorp scores $100M investment on $1.9 billion valuation https://t.co/WGxgt83RZg #venturecapital #funding #exits,0
Thu Nov 01 16:15:31 +0000 2018,HashiCorp scores $100M investment on $1.9 billion valuation https://t.co/sJ0qMPpZvU,0
Thu Nov 01 16:15:11 +0000 2018,Embrace the permanence of change to get real value from your technology investment - Digital Doughnut… https://t.co/zUcsB0aRDo,4
Thu Nov 01 16:14:57 +0000 2018,Embrace the permanence of change to get real value from your technology investment - Digital Doughnut… https://t.co/zUcsB0aRDo,4
Thu Nov 01 16:14:43 +0000 2018,Embrace the permanence of change to get real value from your technology investment - Digital Doughnut… https://t.co/zUcsB0aRDo,4
Thu Nov 01 16:13:53 +0000 2018,Exciting times for ⁦@icapitalnetwork⁩ with ⁦@blackstone⁩ joining ⁦@blackrock⁩  and global banks as investors in the… https://t.co/7HCO9r6cCY,0
Thu Nov 01 16:13:15 +0000 2018,Thinking of investing in AI? Follow these five steps to diligencing AI investments. #AI #ArtificialIntelligence… https://t.co/cHnPXNo7wv,1
Thu Nov 01 16:12:36 +0000 2018,The team at @RocksetCloud is building a severless  schemaless  SQL data engine. It's been a privilege to work with… https://t.co/CcCoMYXdA1,12
Thu Nov 01 16:12:10 +0000 2018,Rockset launches out of stealth with $21.5 M investment https://t.co/mgfqA8JYRg by @ron_miller https://t.co/fWzkKjtarO,15
Thu Nov 01 16:11:31 +0000 2018,Rockset launches out of stealth with $21.5 M investment https://t.co/mgfqA8JYRg by @ron_miller https://t.co/fWzkKjtarO,15
Thu Nov 01 16:10:03 +0000 2018,The team at @RocksetCloud is building a severless  schemaless  SQL data engine. It's been a privilege to work with… https://t.co/CcCoMYXdA1,12
Thu Nov 01 16:08:32 +0000 2018,Rockset launches out of stealth with $21.5 M investment https://t.co/mgfqA8JYRg by @ron_miller https://t.co/fWzkKjtarO,15
Thu Nov 01 16:08:10 +0000 2018,Rockset launches out of stealth with $21.5 M investment https://t.co/mgfqA8JYRg by @ron_miller https://t.co/fWzkKjtarO,15
Thu Nov 01 16:07:39 +0000 2018,The team at @RocksetCloud is building a severless  schemaless  SQL data engine. It's been a privilege to work with… https://t.co/CcCoMYXdA1,12
Thu Nov 01 16:07:38 +0000 2018,#econ1 Stock prices can be (among other things) an indicator of expected future rates of return. In that case  what… https://t.co/VwqkZPwuBk,0
Thu Nov 01 16:06:29 +0000 2018,The team at @RocksetCloud is building a severless  schemaless  SQL data engine. It's been a privilege to work with… https://t.co/CcCoMYXdA1,12
Thu Nov 01 16:06:14 +0000 2018,HashiCorp scores $100M investment on $1.9 billion valuation https://t.co/9GdtoEm6Dp by @ron_miller https://t.co/LhXqbXKUeo,9
Thu Nov 01 16:04:59 +0000 2018,Embrace the permanence of change to get real value from your technology investment - Digital Doughnut… https://t.co/zUcsB0aRDo,4
Thu Nov 01 16:03:15 +0000 2018,HashiCorp scores $100M investment on $1.9 billion valuation https://t.co/9GdtoEm6Dp by @ron_miller https://t.co/LhXqbXKUeo,9
Thu Nov 01 16:00:42 +0000 2018,HashiCorp scores $100M investment on $1.9 billion valuation https://t.co/9GdtoEm6Dp by @ron_miller https://t.co/LhXqbXKUeo,9
Thu Nov 01 15:59:57 +0000 2018,The team at @RocksetCloud is building a severless  schemaless  SQL data engine. It's been a privilege to work with… https://t.co/CcCoMYXdA1,12
Thu Nov 01 15:59:56 +0000 2018,@gnRalphie Oh I know  I have 0 investment LOL,0
Thu Nov 01 15:57:07 +0000 2018,X-Block secures $0.4 Million investment by Consensus Future Capital. CFC invests in early stage technology startups… https://t.co/A1n4OUXDj6,284
Thu Nov 01 15:57:07 +0000 2018,The team at @RocksetCloud is building a severless  schemaless  SQL data engine. It's been a privilege to work with… https://t.co/CcCoMYXdA1,12
Thu Nov 01 15:56:04 +0000 2018,The team at @RocksetCloud is building a severless  schemaless  SQL data engine. It's been a privilege to work with… https://t.co/CcCoMYXdA1,12
Thu Nov 01 15:55:01 +0000 2018,Are you an introvert or an extrovert? Learn how your behavior influences your investment decisions. #investing… https://t.co/fx4oWXHaLq,0
Thu Nov 01 15:53:41 +0000 2018,The team at @RocksetCloud is building a severless  schemaless  SQL data engine. It's been a privilege to work with… https://t.co/CcCoMYXdA1,12
Thu Nov 01 15:53:20 +0000 2018,Rockset launches out of stealth with $21.5 M investment https://t.co/Re1gsl8tpJ,0
Thu Nov 01 15:51:50 +0000 2018,Rockset launches out of stealth with $21.5 M investment https://t.co/mgfqA8JYRg by @ron_miller https://t.co/fWzkKjtarO,15
Thu Nov 01 15:50:49 +0000 2018,If you would like a step-by-step guide of the bundle purchase process  or if you just like reading about epic inves… https://t.co/E7XZHahyqu,2502
Thu Nov 01 15:46:20 +0000 2018,@gnRalphie I have 0 investment but I'm happy for you man,0
Thu Nov 01 15:41:18 +0000 2018,If you would like a step-by-step guide of the bundle purchase process  or if you just like reading about epic inves… https://t.co/E7XZHahyqu,2502
Thu Nov 01 15:41:02 +0000 2018,Rockset launches out of stealth with $21.5 M investment https://t.co/hYxlezPJM0 #venturecapital #funding #exits,0
Thu Nov 01 15:40:57 +0000 2018,Is your organization taking the recommended steps to plan for the #futureofwork - reskilling  investment in human c… https://t.co/5Hdyc4TtiN,1
Thu Nov 01 15:40:08 +0000 2018,Rockset launches out of stealth with $21.5 M investment https://t.co/D37PBma9LR,0
Thu Nov 01 15:36:32 +0000 2018,These 14 startups — endorsed by the seed-stage investment firm Pear — just hit the fundraising trail… https://t.co/ubtkIGiISj,0
Thu Nov 01 15:33:36 +0000 2018,If you would like a step-by-step guide of the bundle purchase process  or if you just like reading about epic inves… https://t.co/E7XZHahyqu,2502
Thu Nov 01 15:33:17 +0000 2018,https://t.co/kCVWLVvKb8,0
Thu Nov 01 15:30:16 +0000 2018,Get $5 for your first investment of $100 on #coinbundle. 😍  ⚡️ Sign up using this link: https://t.co/p0qJt02xvQ https://t.co/T7MMHTe3le,7148
Thu Nov 01 15:28:25 +0000 2018,We understand that crypto newbies have only seen the tip of the investing iceberg.  Speaking of tips… peek at these… https://t.co/45GXBFvpLf,4324
Thu Nov 01 15:28:02 +0000 2018,@The_Gent49 It's a great investment. Built very well and a bit cheaper than the assault bike.,0
Thu Nov 01 15:23:19 +0000 2018,Rockset launches out of stealth with $21.5 M investment https://t.co/mgfqA8JYRg by @ron_miller https://t.co/fWzkKjtarO,15
Thu Nov 01 15:22:22 +0000 2018,Rockset launches out of stealth with $21.5 M investment #startups #news https://t.co/D37PBma9LR,0
Thu Nov 01 15:17:52 +0000 2018,Rockset launches out of stealth with $21.5 M investment https://t.co/mgfqA8JYRg by @ron_miller https://t.co/fWzkKjtarO,15
Thu Nov 01 15:11:12 +0000 2018,Prominent Biotech Investor Gene Salkind Adds Another $2M Investment in CURE Pharmaceutical https://t.co/3k9oW6OSKa,0
Thu Nov 01 14:58:06 +0000 2018,These 14 startups — endorsed by the seed-stage investment firm Pear — just hit the fundraising trail… https://t.co/k9m5DXh3v5,0
Thu Nov 01 14:55:33 +0000 2018,Cannex Capital Holdings Inc. (CNXXF: OTCQX International) | Cannex Completes Strategic Investment in NZ’s SOMA Group https://t.co/cj6wPqcfAH,0
Thu Nov 01 14:42:18 +0000 2018,If you would like a step-by-step guide of the bundle purchase process  or if you just like reading about epic inves… https://t.co/E7XZHahyqu,2502
Thu Nov 01 14:40:11 +0000 2018,4/ Students around the 🌎face many of the same challenges. So I’m excited to partner with @AliMitchell +… https://t.co/BygSkDMQ0x,2
Thu Nov 01 14:38:22 +0000 2018,Here are my best tips for the 3 MOST IMPORTANT sections of your #LinkedInProfile:   #RIA #RIAs #CitywireRIA… https://t.co/sYw10bm4Oq,2
Thu Nov 01 14:24:14 +0000 2018,We understand that crypto newbies have only seen the tip of the investing iceberg.  Speaking of tips… peek at these… https://t.co/45GXBFvpLf,4324
Thu Nov 01 14:01:26 +0000 2018,Is your organization taking the recommended steps to plan for the #futureofwork - reskilling  investment in human c… https://t.co/5Hdyc4TtiN,1
Thu Nov 01 14:00:02 +0000 2018,Is there value in integrating #ESG investment approaches with traditional #FixedIncome methods?… https://t.co/yjxs0GPmmM,0
Thu Nov 01 13:56:48 +0000 2018,We've been a proud investor in @Bitstamp since leading their Seed Round. Bitstamp is Pantera’s first and largest in… https://t.co/dLm7LAuAoF,5
Thu Nov 01 13:52:32 +0000 2018,Get $5 for your first investment of $100 on #coinbundle. 😍  ⚡️ Sign up using this link: https://t.co/p0qJt02xvQ https://t.co/T7MMHTe3le,7148
Thu Nov 01 13:48:42 +0000 2018,Chinese Investment Firm Takes Stake in Dark Horse https://t.co/ToCOKJjKvz,0
Thu Nov 01 13:47:17 +0000 2018,Get $5 for your first investment of $100 on #coinbundle. 😍  ⚡️ Sign up using this link: https://t.co/p0qJt02xvQ https://t.co/T7MMHTe3le,7148
Thu Nov 01 13:38:41 +0000 2018,Here are my best tips for the 3 MOST IMPORTANT sections of your #LinkedInProfile:   #RIA #RIAs #CitywireRIA… https://t.co/sYw10bm4Oq,2
Thu Nov 01 13:36:07 +0000 2018,Here are my best tips for the 3 MOST IMPORTANT sections of your #LinkedInProfile:   #RIA #RIAs #CitywireRIA… https://t.co/sYw10bm4Oq,2
Thu Nov 01 13:34:08 +0000 2018,We understand that crypto newbies have only seen the tip of the investing iceberg.  Speaking of tips… peek at these… https://t.co/45GXBFvpLf,4324
Thu Nov 01 13:30:50 +0000 2018,If you would like a step-by-step guide of the bundle purchase process  or if you just like reading about epic inves… https://t.co/E7XZHahyqu,2502
Thu Nov 01 13:20:30 +0000 2018,Crypto investment firm Grayscale rakes in $330 million this year despite bitcoin bear market https://t.co/iMZhFzCYq8,1
Thu Nov 01 13:17:43 +0000 2018,Fun  sweat  and tears... The 3 main ingredients put into the CoinBundle investment platform.   ❤️… https://t.co/6lKqV163OV,3524
Thu Nov 01 13:17:24 +0000 2018,Crypto investment firm Grayscale rakes in $330 million this year despite bitcoin bear market https://t.co/iMZhFzCYq8,1
Thu Nov 01 13:15:31 +0000 2018,We understand that crypto newbies have only seen the tip of the investing iceberg.  Speaking of tips… peek at these… https://t.co/45GXBFvpLf,4324
Thu Nov 01 13:14:14 +0000 2018,We understand that crypto newbies have only seen the tip of the investing iceberg.  Speaking of tips… peek at these… https://t.co/45GXBFvpLf,4324
Thu Nov 01 13:05:04 +0000 2018,We understand that crypto newbies have only seen the tip of the investing iceberg.  Speaking of tips… peek at these… https://t.co/45GXBFvpLf,4324
Thu Nov 01 12:54:22 +0000 2018,https://t.co/pIE4dXiTIp  Inc. (CIIX: OTCQB) | https://t.co/mkChtBq2As  Inc. Presents at National Investment Banking… https://t.co/asAgmj5WAD,0
Thu Nov 01 12:52:54 +0000 2018,Fun  sweat  and tears... The 3 main ingredients put into the CoinBundle investment platform.   ❤️… https://t.co/6lKqV163OV,3524
Thu Nov 01 12:42:28 +0000 2018,One of these comic books will be worth $10 000 000 in 100 years  but only BRUTAS THE BADASS is an investment that y… https://t.co/gaYOJ8AR5r,0
Thu Nov 01 12:34:13 +0000 2018,We understand that crypto newbies have only seen the tip of the investing iceberg.  Speaking of tips… peek at these… https://t.co/45GXBFvpLf,4324
Thu Nov 01 12:32:09 +0000 2018,Get $5 for your first investment of $100 on #coinbundle. 😍  ⚡️ Sign up using this link: https://t.co/p0qJt02xvQ https://t.co/T7MMHTe3le,7148
Thu Nov 01 12:30:26 +0000 2018,Get $5 for your first investment of $100 on #coinbundle. 😍  ⚡️ Sign up using this link: https://t.co/p0qJt02xvQ https://t.co/T7MMHTe3le,7148
Thu Nov 01 12:20:44 +0000 2018,Honored to be recognized by CECP: The CEO Force for Good as “Top Quartile ” Leading Global Brand in Social Investme… https://t.co/Z2Bz1I3HFg,1
Thu Nov 01 12:15:03 +0000 2018,With a new $1.6 billion investment in Washington  D.C.  we’re teaming up with local leaders to address affordable h… https://t.co/aFAkBkc1Sw,87
Thu Nov 01 12:14:16 +0000 2018,“'Investment in resilience isn’t just about avoiding losses and keeping bad things from happening  it’s about catal… https://t.co/YOaFEpGXyB,4
Thu Nov 01 12:04:12 +0000 2018,Time flies! It seems like only yesterday that we started building the world's most user-friendly and secure crypto… https://t.co/TaXRTMugzW,3822
Thu Nov 01 11:56:30 +0000 2018,If you would like a step-by-step guide of the bundle purchase process  or if you just like reading about epic inves… https://t.co/E7XZHahyqu,2502
Thu Nov 01 11:56:26 +0000 2018,We understand that crypto newbies have only seen the tip of the investing iceberg.  Speaking of tips… peek at these… https://t.co/45GXBFvpLf,4324
Thu Nov 01 11:55:18 +0000 2018,CURE Pharmaceutical Holding Corp. (CURR: OTCQB) | Prominent Biotech Investor Gene Salkind Adds Another $2M Investme… https://t.co/wu0BedfqMl,0
Thu Nov 01 11:53:48 +0000 2018,Get $5 for your first investment of $100 on #coinbundle. 😍  ⚡️ Sign up using this link: https://t.co/p0qJt02xvQ https://t.co/T7MMHTe3le,7148
Thu Nov 01 11:51:59 +0000 2018,Fun  sweat  and tears... The 3 main ingredients put into the CoinBundle investment platform.   ❤️… https://t.co/6lKqV163OV,3524
Thu Nov 01 11:36:02 +0000 2018,Another Kleiner investor has just raised her own fund!!! Congrats #LynneChou-O'Keefe https://t.co/5vC7fa9F0Q… https://t.co/QA8VscsKCP,1
Thu Nov 01 11:29:17 +0000 2018,We understand that crypto newbies have only seen the tip of the investing iceberg.  Speaking of tips… peek at these… https://t.co/45GXBFvpLf,4324
Thu Nov 01 11:27:58 +0000 2018,We understand that crypto newbies have only seen the tip of the investing iceberg.  Speaking of tips… peek at these… https://t.co/45GXBFvpLf,4324
Thu Nov 01 11:24:47 +0000 2018,Get $5 for your first investment of $100 on #coinbundle. 😍  ⚡️ Sign up using this link: https://t.co/p0qJt02xvQ https://t.co/T7MMHTe3le,7148
Thu Nov 01 11:15:09 +0000 2018,Intel Capital lays off investment staff  shifts investment focus  https://t.co/5mVako7yXT via @WSJ,1
Thu Nov 01 11:15:04 +0000 2018,Cryptocurrency Investment Platform with Automated Trading Bot (Oct-2018) https://t.co/Pdi8li0x3w,0
Thu Nov 01 11:03:48 +0000 2018,A strategy for unlocking an investment’s full gender – and financial – potential https://t.co/ILNiS2R8L0,0
Thu Nov 01 10:57:19 +0000 2018,If you would like a step-by-step guide of the bundle purchase process  or if you just like reading about epic inves… https://t.co/E7XZHahyqu,2502
Thu Nov 01 10:40:49 +0000 2018,If you would like a step-by-step guide of the bundle purchase process  or if you just like reading about epic inves… https://t.co/E7XZHahyqu,2502
Thu Nov 01 10:40:30 +0000 2018,Fun  sweat  and tears... The 3 main ingredients put into the CoinBundle investment platform.   ❤️… https://t.co/6lKqV163OV,3524
Thu Nov 01 10:33:31 +0000 2018,Fun  sweat  and tears... The 3 main ingredients put into the CoinBundle investment platform.   ❤️… https://t.co/6lKqV163OV,3524
Thu Nov 01 10:28:28 +0000 2018,Get $5 for your first investment of $100 on #coinbundle. 😍  ⚡️ Sign up using this link: https://t.co/p0qJt02xvQ https://t.co/T7MMHTe3le,7148
Thu Nov 01 10:28:16 +0000 2018,Colliers investment sales team jumps to CBRE https://t.co/fjeVvZh7WN,0
Thu Nov 01 10:28:09 +0000 2018,Colliers investment sales team jumps to CBRE https://t.co/J5ZqQDdJbb,0
Thu Nov 01 10:25:38 +0000 2018,Get $5 for your first investment of $100 on #coinbundle. 😍  ⚡️ Sign up using this link: https://t.co/p0qJt02xvQ https://t.co/T7MMHTe3le,7148
Thu Nov 01 10:22:09 +0000 2018,Get $5 for your first investment of $100 on #coinbundle. 😍  ⚡️ Sign up using this link: https://t.co/p0qJt02xvQ https://t.co/T7MMHTe3le,7148
Thu Nov 01 10:20:11 +0000 2018,This is the opportunity to invest and earn formidable profit  this investment will not be regret to you https://t.co/jrYpNfSWMx,0
Thu Nov 01 10:11:52 +0000 2018,We understand that crypto newbies have only seen the tip of the investing iceberg.  Speaking of tips… peek at these… https://t.co/45GXBFvpLf,4324
Thu Nov 01 10:08:07 +0000 2018,Purchase #TMONEY tokens and get to earn money in the future when its price skyrockets upon listing on exchanges. Yo… https://t.co/dim2wuZrVk,0
Thu Nov 01 10:06:29 +0000 2018,Get $5 for your first investment of $100 on #coinbundle. 😍  ⚡️ Sign up using this link: https://t.co/p0qJt02xvQ https://t.co/T7MMHTe3le,7148
Thu Nov 01 10:03:21 +0000 2018,Get $5 for your first investment of $100 on #coinbundle. 😍  ⚡️ Sign up using this link: https://t.co/p0qJt02xvQ https://t.co/T7MMHTe3le,7148
Thu Nov 01 10:01:00 +0000 2018,Get $5 for your first investment of $100 on #coinbundle. 😍  ⚡️ Sign up using this link: https://t.co/p0qJt02xvQ https://t.co/T7MMHTe3le,7148
Thu Nov 01 09:58:04 +0000 2018,Get $5 for your first investment of $100 on #coinbundle. 😍  ⚡️ Sign up using this link: https://t.co/p0qJt02xvQ https://t.co/T7MMHTe3le,7148
Thu Nov 01 09:55:20 +0000 2018,Get $5 for your first investment of $100 on #coinbundle. 😍  ⚡️ Sign up using this link: https://t.co/p0qJt02xvQ https://t.co/T7MMHTe3le,7148
Thu Nov 01 09:54:55 +0000 2018,Get $5 for your first investment of $100 on #coinbundle. 😍  ⚡️ Sign up using this link: https://t.co/p0qJt02xvQ https://t.co/T7MMHTe3le,7148
Thu Nov 01 09:52:17 +0000 2018,Get $5 for your first investment of $100 on #coinbundle. 😍  ⚡️ Sign up using this link: https://t.co/p0qJt02xvQ https://t.co/T7MMHTe3le,7148
Thu Nov 01 09:48:53 +0000 2018,Get $5 for your first investment of $100 on #coinbundle. 😍  ⚡️ Sign up using this link: https://t.co/p0qJt02xvQ https://t.co/T7MMHTe3le,7148
Thu Nov 01 09:45:43 +0000 2018,Get $5 for your first investment of $100 on #coinbundle. 😍  ⚡️ Sign up using this link: https://t.co/p0qJt02xvQ https://t.co/T7MMHTe3le,7148
Thu Nov 01 09:44:00 +0000 2018,Get $5 for your first investment of $100 on #coinbundle. 😍  ⚡️ Sign up using this link: https://t.co/p0qJt02xvQ https://t.co/T7MMHTe3le,7148
Thu Nov 01 09:36:34 +0000 2018,Get $5 for your first investment of $100 on #coinbundle. 😍  ⚡️ Sign up using this link: https://t.co/p0qJt02xvQ https://t.co/T7MMHTe3le,7148
Thu Nov 01 09:34:55 +0000 2018,Get $5 for your first investment of $100 on #coinbundle. 😍  ⚡️ Sign up using this link: https://t.co/p0qJt02xvQ https://t.co/T7MMHTe3le,7148
Thu Nov 01 09:34:14 +0000 2018,Get $5 for your first investment of $100 on #coinbundle. 😍  ⚡️ Sign up using this link: https://t.co/p0qJt02xvQ https://t.co/T7MMHTe3le,7148
Thu Nov 01 09:31:22 +0000 2018,Get $5 for your first investment of $100 on #coinbundle. 😍  ⚡️ Sign up using this link: https://t.co/p0qJt02xvQ https://t.co/T7MMHTe3le,7148
Thu Nov 01 09:28:57 +0000 2018,Get $5 for your first investment of $100 on #coinbundle. 😍  ⚡️ Sign up using this link: https://t.co/p0qJt02xvQ https://t.co/T7MMHTe3le,7148
Thu Nov 01 09:28:54 +0000 2018,Fun  sweat  and tears... The 3 main ingredients put into the CoinBundle investment platform.   ❤️… https://t.co/6lKqV163OV,3524
Thu Nov 01 09:28:37 +0000 2018,With a new $1.6 billion investment in Washington  D.C.  we’re teaming up with local leaders to address affordable h… https://t.co/aFAkBkc1Sw,87
Thu Nov 01 09:27:09 +0000 2018,Get $5 for your first investment of $100 on #coinbundle. 😍  ⚡️ Sign up using this link: https://t.co/p0qJt02xvQ https://t.co/T7MMHTe3le,7148
Thu Nov 01 09:23:36 +0000 2018,Get $5 for your first investment of $100 on #coinbundle. 😍  ⚡️ Sign up using this link: https://t.co/p0qJt02xvQ https://t.co/T7MMHTe3le,7148
Thu Nov 01 09:19:44 +0000 2018,Get $5 for your first investment of $100 on #coinbundle. 😍  ⚡️ Sign up using this link: https://t.co/p0qJt02xvQ https://t.co/T7MMHTe3le,7148
Thu Nov 01 09:17:56 +0000 2018,Get $5 for your first investment of $100 on #coinbundle. 😍  ⚡️ Sign up using this link: https://t.co/p0qJt02xvQ https://t.co/T7MMHTe3le,7148
Thu Nov 01 09:15:46 +0000 2018,We understand that crypto newbies have only seen the tip of the investing iceberg.  Speaking of tips… peek at these… https://t.co/45GXBFvpLf,4324
Thu Nov 01 09:15:05 +0000 2018,Get $5 for your first investment of $100 on #coinbundle. 😍  ⚡️ Sign up using this link: https://t.co/p0qJt02xvQ https://t.co/T7MMHTe3le,7148
Thu Nov 01 09:14:07 +0000 2018,We understand that crypto newbies have only seen the tip of the investing iceberg.  Speaking of tips… peek at these… https://t.co/45GXBFvpLf,4324
Thu Nov 01 09:11:29 +0000 2018,Get $5 for your first investment of $100 on #coinbundle. 😍  ⚡️ Sign up using this link: https://t.co/p0qJt02xvQ https://t.co/T7MMHTe3le,7148
Thu Nov 01 09:11:27 +0000 2018,Get $5 for your first investment of $100 on #coinbundle. 😍  ⚡️ Sign up using this link: https://t.co/p0qJt02xvQ https://t.co/T7MMHTe3le,7148
Thu Nov 01 09:08:28 +0000 2018,Get $5 for your first investment of $100 on #coinbundle. 😍  ⚡️ Sign up using this link: https://t.co/p0qJt02xvQ https://t.co/T7MMHTe3le,7148
Thu Nov 01 09:05:09 +0000 2018,Get $5 for your first investment of $100 on #coinbundle. 😍  ⚡️ Sign up using this link: https://t.co/p0qJt02xvQ https://t.co/T7MMHTe3le,7148
Thu Nov 01 09:01:34 +0000 2018,If you would like a step-by-step guide of the bundle purchase process  or if you just like reading about epic inves… https://t.co/E7XZHahyqu,2502
Thu Nov 01 09:00:54 +0000 2018,Get $5 for your first investment of $100 on #coinbundle. 😍  ⚡️ Sign up using this link: https://t.co/p0qJt02xvQ https://t.co/T7MMHTe3le,7148
Thu Nov 01 08:55:58 +0000 2018,Get $5 for your first investment of $100 on #coinbundle. 😍  ⚡️ Sign up using this link: https://t.co/p0qJt02xvQ https://t.co/T7MMHTe3le,7148
Thu Nov 01 08:52:09 +0000 2018,If you would like a step-by-step guide of the bundle purchase process  or if you just like reading about epic inves… https://t.co/E7XZHahyqu,2502
Thu Nov 01 08:50:27 +0000 2018,Get $5 for your first investment of $100 on #coinbundle. 😍  ⚡️ Sign up using this link: https://t.co/p0qJt02xvQ https://t.co/T7MMHTe3le,7148
Thu Nov 01 08:48:10 +0000 2018,Get $5 for your first investment of $100 on #coinbundle. 😍  ⚡️ Sign up using this link: https://t.co/p0qJt02xvQ https://t.co/T7MMHTe3le,7148
Thu Nov 01 08:44:08 +0000 2018,Get $5 for your first investment of $100 on #coinbundle. 😍  ⚡️ Sign up using this link: https://t.co/p0qJt02xvQ https://t.co/T7MMHTe3le,7148
Thu Nov 01 08:42:28 +0000 2018,One of these comic books will be worth $10 000 000 in 100 years  but only BRUTAS THE BADASS is an investment that y… https://t.co/W0EHjvZC72,0
Thu Nov 01 08:30:16 +0000 2018,Capital continues to move into investment vehicles betting on women.  Along with $2.25 billion in assets under mana… https://t.co/e2jVTseZyy,0
Thu Nov 01 08:29:24 +0000 2018,We understand that crypto newbies have only seen the tip of the investing iceberg.  Speaking of tips… peek at these… https://t.co/45GXBFvpLf,4324
Thu Nov 01 08:23:28 +0000 2018,JP Morgan Chase exec Jing Ulrich talking about future Chinese dominance ...we have moved to a point where it’s a gi… https://t.co/QjIpQ5oO6s,1
Thu Nov 01 08:21:46 +0000 2018,JP Morgan Chase exec Jing Ulrich talking about future Chinese dominance ...we have moved to a point where it’s a gi… https://t.co/QjIpQ5oO6s,1
Thu Nov 01 08:08:45 +0000 2018,The new tally of “sustainable” assets in the U.S. is $12 trillion.  A 38% increase from two years ago.   Read more… https://t.co/BTVNeub5nz,4
Thu Nov 01 08:07:08 +0000 2018,Quantitative Developer: We're currently seeking a Senior Quantitative Software Engineer to join the largest indepen… https://t.co/UrnSdGqskB,0
Thu Nov 01 08:05:10 +0000 2018,@Boris_Golden @Loh @LHSummers It also shifts dependent on timeline of business/investment. Alpha  Beta  Growth  Exp… https://t.co/vsnkNyoKzl,0
Thu Nov 01 08:02:54 +0000 2018,If you would like a step-by-step guide of the bundle purchase process  or if you just like reading about epic inves… https://t.co/E7XZHahyqu,2502
Thu Nov 01 07:56:54 +0000 2018,If you would like a step-by-step guide of the bundle purchase process  or if you just like reading about epic inves… https://t.co/E7XZHahyqu,2502
Thu Nov 01 07:54:06 +0000 2018,We understand that crypto newbies have only seen the tip of the investing iceberg.  Speaking of tips… peek at these… https://t.co/45GXBFvpLf,4324
Thu Nov 01 07:39:49 +0000 2018,Get $5 for your first investment of $100 on #coinbundle. 😍  ⚡️ Sign up using this link: https://t.co/p0qJt02xvQ https://t.co/T7MMHTe3le,7148
Thu Nov 01 07:30:07 +0000 2018,If you would like a step-by-step guide of the bundle purchase process  or if you just like reading about epic inves… https://t.co/E7XZHahyqu,2502
Thu Nov 01 07:16:48 +0000 2018,Great investment 246-256 Bemis st in Glen Park. Triplex (duplex+cottage) plus vacant lot! https://t.co/IvBZyl9Mha,0
Thu Nov 01 07:14:34 +0000 2018,If you would like a step-by-step guide of the bundle purchase process  or if you just like reading about epic inves… https://t.co/E7XZHahyqu,2502
Thu Nov 01 07:14:05 +0000 2018,Fun  sweat  and tears... The 3 main ingredients put into the CoinBundle investment platform.   ❤️… https://t.co/6lKqV163OV,3524
Thu Nov 01 07:13:14 +0000 2018,7 Investment Pieces That Are Less Than $30 Per Wear  I've believed in buying investment pieces for as long as I can… https://t.co/nijrJc4Exx,0
Thu Nov 01 07:11:00 +0000 2018,We understand that crypto newbies have only seen the tip of the investing iceberg.  Speaking of tips… peek at these… https://t.co/45GXBFvpLf,4324
Thu Nov 01 07:08:53 +0000 2018,Fun  sweat  and tears... The 3 main ingredients put into the CoinBundle investment platform.   ❤️… https://t.co/6lKqV163OV,3524
Thu Nov 01 07:07:36 +0000 2018,Get $5 for your first investment of $100 on #coinbundle. 😍  ⚡️ Sign up using this link: https://t.co/p0qJt02xvQ https://t.co/T7MMHTe3le,7148
Thu Nov 01 07:03:23 +0000 2018,TRI Pointe Group to Deepen Investment in Smart Home With Homes Featuring Amazon Alexa Across All Six of Its Homebui… https://t.co/m5Dc3i7Jkx,0
Thu Nov 01 06:55:46 +0000 2018,The new tally of “sustainable” assets in the U.S. is $12 trillion.  A 38% increase from two years ago.   Read more… https://t.co/BTVNeub5nz,4
Thu Nov 01 06:53:40 +0000 2018,My investment criteria: * Can this explode? * What is the product hook? * What is the distribution trick? * What’s… https://t.co/dkCIIaR8t8,478
Thu Nov 01 06:43:56 +0000 2018,"the only thing worse than a world in which homeownership doesn’t work as a wealth-building tool is a world in whic… https://t.co/fK7IiIMqoJ,1
Thu Nov 01 06:39:43 +0000 2018,If you would like a step-by-step guide of the bundle purchase process  or if you just like reading about epic inves… https://t.co/E7XZHahyqu,2502
Thu Nov 01 06:37:47 +0000 2018,Great company raising investment for an amazing vision. Giving internet to those who do not have or can not have it… https://t.co/qnJKAQFyXO,1
Thu Nov 01 06:33:23 +0000 2018,Public Accounting Firms and Insurance Agents and even true eb5 ready Stock Brokers trying to understand challenging… https://t.co/GBwPdYczLO,0
Thu Nov 01 06:32:45 +0000 2018,Get $5 for your first investment of $100 on #coinbundle. 😍  ⚡️ Sign up using this link: https://t.co/p0qJt02xvQ https://t.co/T7MMHTe3le,7148
Thu Nov 01 06:27:47 +0000 2018,If you would like a step-by-step guide of the bundle purchase process  or if you just like reading about epic inves… https://t.co/E7XZHahyqu,2502
Thu Nov 01 06:27:37 +0000 2018,Get $5 for your first investment of $100 on #coinbundle. 😍  ⚡️ Sign up using this link: https://t.co/p0qJt02xvQ https://t.co/T7MMHTe3le,7148
Thu Nov 01 06:24:46 +0000 2018,If you would like a step-by-step guide of the bundle purchase process  or if you just like reading about epic inves… https://t.co/E7XZHahyqu,2502
Thu Nov 01 06:08:32 +0000 2018,If you would like a step-by-step guide of the bundle purchase process  or if you just like reading about epic inves… https://t.co/E7XZHahyqu,2502
Thu Nov 01 06:03:46 +0000 2018,Get $5 for your first investment of $100 on #coinbundle. 😍  ⚡️ Sign up using this link: https://t.co/p0qJt02xvQ https://t.co/T7MMHTe3le,7148
Thu Nov 01 06:02:02 +0000 2018,Pleased to have been part of the "Technology in the Investment Research Process" event with Joe Rothermich @jromich… https://t.co/KBhQwbGNw0,2
Thu Nov 01 05:28:35 +0000 2018,If you would like a step-by-step guide of the bundle purchase process  or if you just like reading about epic inves… https://t.co/E7XZHahyqu,2502
Thu Nov 01 05:15:58 +0000 2018,Unreal Engine Maker Epic Games Lands $1.25 Billion Investment to Drive Future of Gaming &amp; AR https://t.co/hTVQKETSNn https://t.co/uBiSh5bQFf,1
Thu Nov 01 04:53:40 +0000 2018,If you would like a step-by-step guide of the bundle purchase process  or if you just like reading about epic inves… https://t.co/E7XZHahyqu,2502
Thu Nov 01 04:52:18 +0000 2018,Fun  sweat  and tears... The 3 main ingredients put into the CoinBundle investment platform.   ❤️… https://t.co/6lKqV163OV,3524
Thu Nov 01 04:52:17 +0000 2018,If you would like a step-by-step guide of the bundle purchase process  or if you just like reading about epic inves… https://t.co/E7XZHahyqu,2502
Thu Nov 01 04:43:51 +0000 2018,If you would like a step-by-step guide of the bundle purchase process  or if you just like reading about epic inves… https://t.co/E7XZHahyqu,2502
Thu Nov 01 04:42:27 +0000 2018,One of these comic books will be worth $10 000 000 in 100 years  but only BRUTAS THE BADASS is an investment that y… https://t.co/m521Mlwjn7,0
Thu Nov 01 04:41:12 +0000 2018,Get $5 for your first investment of $100 on #coinbundle. 😍  ⚡️ Sign up using this link: https://t.co/p0qJt02xvQ https://t.co/T7MMHTe3le,7148
Thu Nov 01 04:40:51 +0000 2018,Get $5 for your first investment of $100 on #coinbundle. 😍  ⚡️ Sign up using this link: https://t.co/p0qJt02xvQ https://t.co/T7MMHTe3le,7148
Thu Nov 01 04:39:13 +0000 2018,We understand that crypto newbies have only seen the tip of the investing iceberg.  Speaking of tips… peek at these… https://t.co/45GXBFvpLf,4324
Thu Nov 01 04:36:01 +0000 2018,If you would like a step-by-step guide of the bundle purchase process  or if you just like reading about epic inves… https://t.co/E7XZHahyqu,2502
Thu Nov 01 04:33:37 +0000 2018,Purchase flight tickets from our tour operators for certain destinationusing Bitrace! The project is very serious a… https://t.co/ylfmjggK06,0
Thu Nov 01 04:33:11 +0000 2018,The project is very serious and reliable for  investment. The company has   already implemented many successful  pr… https://t.co/pmafBQczDg,0
Thu Nov 01 04:30:21 +0000 2018,Great! Siemens goes back to its roots with 600 million euro Berlin investment https://t.co/J6ZMQ5g1rn via @TODAYonline,0
Thu Nov 01 04:30:07 +0000 2018,If Capitalism 2.0 is to be more humane  conscientious and inclusive than its previous iteration  social impact must… https://t.co/CstNzG1kuE,0
Thu Nov 01 04:26:17 +0000 2018,With a new $1.6 billion investment in Washington  D.C.  we’re teaming up with local leaders to address affordable h… https://t.co/aFAkBkc1Sw,87
Thu Nov 01 04:25:15 +0000 2018,We understand that crypto newbies have only seen the tip of the investing iceberg.  Speaking of tips… peek at these… https://t.co/45GXBFvpLf,4324
Thu Nov 01 04:12:10 +0000 2018,@cryptodemedici So a normal liquid crypto fund has regulated procedures for accessing and investing funds (access c… https://t.co/ARbOxieuGG,1
Thu Nov 01 04:05:34 +0000 2018,CAPVERTO is a multifaceted platform with forward thinking crypto technology. I recommend to pay Your attention to a… https://t.co/iMbseulThV,0
Thu Nov 01 03:58:47 +0000 2018,Facebook Competitor Minds Secures $6 Million Series A Investment https://t.co/yqQmkVT70J,0
Thu Nov 01 03:58:21 +0000 2018,@cryptodemedici So a normal liquid crypto fund has regulated procedures for accessing and investing funds (access c… https://t.co/ARbOxieuGG,1
Thu Nov 01 03:58:07 +0000 2018,If you would like a step-by-step guide of the bundle purchase process  or if you just like reading about epic inves… https://t.co/E7XZHahyqu,2502
Thu Nov 01 03:38:37 +0000 2018,Get $5 for your first investment of $100 on #coinbundle. 😍  ⚡️ Sign up using this link: https://t.co/p0qJt02xvQ https://t.co/T7MMHTe3le,7148
Thu Nov 01 03:30:02 +0000 2018,@cryptodemedici Doesn’t really make much sense when you really start to think about it and implement; might as well… https://t.co/yaNNlPgSGV,0
Thu Nov 01 03:29:25 +0000 2018,Get $5 for your first investment of $100 on #coinbundle. 😍  ⚡️ Sign up using this link: https://t.co/p0qJt02xvQ https://t.co/T7MMHTe3le,7148
Thu Nov 01 03:18:02 +0000 2018,We understand that crypto newbies have only seen the tip of the investing iceberg.  Speaking of tips… peek at these… https://t.co/45GXBFvpLf,4324
Thu Nov 01 03:10:39 +0000 2018,If you would like a step-by-step guide of the bundle purchase process  or if you just like reading about epic inves… https://t.co/E7XZHahyqu,2502
Thu Nov 01 03:07:02 +0000 2018,Last chance to get an extra $100 off for the Airbnb Cash Flow Method. Learn how to buy Airbnb Investment Properties… https://t.co/Xgo4EtWuxE,0
Thu Nov 01 03:01:44 +0000 2018,If you would like a step-by-step guide of the bundle purchase process  or if you just like reading about epic inves… https://t.co/E7XZHahyqu,2502
Thu Nov 01 02:58:22 +0000 2018,If you would like a step-by-step guide of the bundle purchase process  or if you just like reading about epic inves… https://t.co/E7XZHahyqu,2502
Thu Nov 01 02:58:09 +0000 2018,@maydaymindy9 @BeVegan4ever By supporting 'investment class' issues  or employeed by one of societies institutions… https://t.co/lLbhU8ak9F,0
Thu Nov 01 02:53:04 +0000 2018,Sustainable investment joins the mainstream - Generation SRI https://t.co/0GyTpIq76L,0
Thu Nov 01 02:50:02 +0000 2018,Unreal Engine Maker Epic Games Lands $1.25 Billion Investment to Drive Future of Gaming &amp; AR https://t.co/hTVQKETSNn https://t.co/uBiSh5bQFf,1
Thu Nov 01 02:38:52 +0000 2018,With a new $1.6 billion investment in Washington  D.C.  we’re teaming up with local leaders to address affordable h… https://t.co/aFAkBkc1Sw,87
Thu Nov 01 02:38:01 +0000 2018,Ang alam kong pinaka maayos na investment ay ang pag gawa ng makabulunhang teknolohiya na mag iimpluwensiya  ng ent… https://t.co/DA4YE3yUm4,4
Thu Nov 01 02:29:25 +0000 2018,BlockChannel:Cryptocurrencies are now a new institutional investment class  rather than a fully developed electroni… https://t.co/bC4fUuR1RN,0
Thu Nov 01 02:22:10 +0000 2018,Pleased to have been part of the "Technology in the Investment Research Process" event with Joe Rothermich @jromich… https://t.co/KBhQwbGNw0,2
Thu Nov 01 02:16:19 +0000 2018,Delivering performance @deliv @daphnecarmeli @timc @Pivotnorth https://t.co/I2DWnN5i0r,1
Thu Nov 01 02:13:48 +0000 2018,Darlene Chiu Bryant  our Executive Director  spoke at last night’s Chinese Real Estate Association of America’s spe… https://t.co/nC7VmDLh2n,1
Thu Nov 01 02:08:13 +0000 2018,If you would like a step-by-step guide of the bundle purchase process  or if you just like reading about epic inves… https://t.co/E7XZHahyqu,2502
Thu Nov 01 02:04:34 +0000 2018,With a new $1.6 billion investment in Washington  D.C.  we’re teaming up with local leaders to address affordable h… https://t.co/aFAkBkc1Sw,87
Thu Nov 01 02:03:44 +0000 2018,If you would like a step-by-step guide of the bundle purchase process  or if you just like reading about epic inves… https://t.co/E7XZHahyqu,2502
Thu Nov 01 02:03:29 +0000 2018,Fun  sweat  and tears... The 3 main ingredients put into the CoinBundle investment platform.   ❤️… https://t.co/6lKqV163OV,3524
Thu Nov 01 01:54:30 +0000 2018,With a new $1.6 billion investment in Washington  D.C.  we’re teaming up with local leaders to address affordable h… https://t.co/aFAkBkc1Sw,87
Thu Nov 01 01:48:20 +0000 2018,With a new $1.6 billion investment in Washington  D.C.  we’re teaming up with local leaders to address affordable h… https://t.co/aFAkBkc1Sw,87
Thu Nov 01 01:48:13 +0000 2018,$2120:JP - PPT - Started to air new TV commercial to raise awareness on LIFULL Investment to penetrate LIFULL brand… https://t.co/8l9HJtWdgJ,0
Thu Nov 01 01:42:40 +0000 2018,You can now join https://t.co/PsCwUP5sAo - the fastest growing crypto investment platform. They do airdrops from ev… https://t.co/rl0VTTTBnX,837
Thu Nov 01 01:37:31 +0000 2018,Equity bull markets are largely a story of growth in consumption  investment and employment that is reflected in be… https://t.co/EUU9849n1L,7
Thu Nov 01 01:36:29 +0000 2018,BBCNEWS 6:35pm Investment Director  Fidelity tntemational,0
Thu Nov 01 01:34:46 +0000 2018,@OakStadiumWatch While the stadium will be privately financed  the team will need the support of the public. Having… https://t.co/apmMgTUe9k,3
Thu Nov 01 01:30:55 +0000 2018,Stop 1 on my #AnderDOJ2018 Bay Area trek included a visit with the @uclaanderson Investment Finance Association to… https://t.co/6pEYR7QSST,0
Thu Nov 01 01:30:49 +0000 2018,What is the top venture fund you’d want to take a seed stage investment from?  (sorry twitter allows only 4 options),0
Thu Nov 01 01:30:26 +0000 2018,Fun  sweat  and tears... The 3 main ingredients put into the CoinBundle investment platform.   ❤️… https://t.co/6lKqV163OV,3524
Thu Nov 01 01:29:08 +0000 2018,If you would like a step-by-step guide of the bundle purchase process  or if you just like reading about epic inves… https://t.co/E7XZHahyqu,2502
Thu Nov 01 01:27:23 +0000 2018,@KarlTheFog And the crazies dress up like investment bankers.,0
Thu Nov 01 01:25:11 +0000 2018,We understand that crypto newbies have only seen the tip of the investing iceberg.  Speaking of tips… peek at these… https://t.co/45GXBFvpLf,4324
Thu Nov 01 01:21:49 +0000 2018,If you would like a step-by-step guide of the bundle purchase process  or if you just like reading about epic inves… https://t.co/E7XZHahyqu,2502
Thu Nov 01 01:08:22 +0000 2018,Ang alam kong pinaka maayos na investment ay ang pag gawa ng makabulunhang teknolohiya na mag iimpluwensiya  ng ent… https://t.co/DA4YE3yUm4,4
Thu Nov 01 01:07:41 +0000 2018,Be patient with yourself. Self-growth is tender; it's holy ground. There's no greater investment."–Stephen Covey,1
Thu Nov 01 01:07:05 +0000 2018,Be patient with yourself. Self-growth is tender; it's holy ground. There's no greater investment."–Stephen Covey,1
Thu Nov 01 01:01:56 +0000 2018,We understand that crypto newbies have only seen the tip of the investing iceberg.  Speaking of tips… peek at these… https://t.co/45GXBFvpLf,4324
Thu Nov 01 01:00:57 +0000 2018,Learn more about my bitcoin investment at https://t.co/5ySYW8Jbrf. https://t.co/dcmWsJIJLy,0
Thu Nov 01 00:50:35 +0000 2018,@dkori @CondorcetWinner @TwelveAdam12 @ocoo6o1xmw @AdamAlbag @Faazzla @mattyglesias I don't disagree with the premi… https://t.co/iCZR6EFuNU,0
Thu Nov 01 00:48:08 +0000 2018,Fun  sweat  and tears... The 3 main ingredients put into the CoinBundle investment platform.   ❤️… https://t.co/6lKqV163OV,3524
Thu Nov 01 00:47:38 +0000 2018,Intel Capital lays off investment staff  shifts investment focus  https://t.co/5mVako7yXT via @WSJ,1
Thu Nov 01 00:44:15 +0000 2018,Fun  sweat  and tears... The 3 main ingredients put into the CoinBundle investment platform.   ❤️… https://t.co/6lKqV163OV,3524
Thu Nov 01 00:42:28 +0000 2018,One of these comic books will be worth $10 000 000 in 100 years  but only BRUTAS THE BADASS is an investment that y… https://t.co/O3pK0CNNip,0
Thu Nov 01 00:42:16 +0000 2018,How do I earn money online by using a smartphone without an investment? by Stevie Jeffery https://t.co/izt5CLU5PK,0
Thu Nov 01 00:40:55 +0000 2018,If you would like a step-by-step guide of the bundle purchase process  or if you just like reading about epic inves… https://t.co/E7XZHahyqu,2502
Thu Nov 01 00:34:32 +0000 2018,With a new $1.6 billion investment in Washington  D.C.  we’re teaming up with local leaders to address affordable h… https://t.co/aFAkBkc1Sw,87
Thu Nov 01 00:16:31 +0000 2018,If you would like a step-by-step guide of the bundle purchase process  or if you just like reading about epic inves… https://t.co/E7XZHahyqu,2502
Thu Nov 01 00:13:44 +0000 2018,$Vite's super node mining program is here! Up to 240% return on investment.💰😋 $vite #letscreatesomethingcool Ask yo… https://t.co/181bijt52C,1
Thu Nov 01 00:04:53 +0000 2018,With a new $1.6 billion investment in Washington  D.C.  we’re teaming up with local leaders to address affordable h… https://t.co/aFAkBkc1Sw,87
Thu Nov 01 00:03:18 +0000 2018,If you would like a step-by-step guide of the bundle purchase process  or if you just like reading about epic inves… https://t.co/E7XZHahyqu,2502
Thu Nov 01 00:02:36 +0000 2018,We understand that crypto newbies have only seen the tip of the investing iceberg.  Speaking of tips… peek at these… https://t.co/45GXBFvpLf,4324
Thu Nov 01 00:00:44 +0000 2018,New lender added to Private Lender Link: Little City Investments is a direct hard money lender based in Austin  off… https://t.co/Wdxn1LnBO9,0
