Sun Aug 19 21:42:12 +0000 2018,How @Cisco partnership w/ #Chainlink is Building Trustless Enterprise Solutions. #Blockchain via Better Science &amp; S… https://t.co/jyPUDDpwyC,7
Sun Aug 19 20:45:07 +0000 2018,#Repost thecryptocomedy with get_repost ・・・ THE CRYPTO COMEDY . . . #crypto #cryptolifestyle #cryptocurrency… https://t.co/VA50usEokj,0
Sun Aug 19 19:54:03 +0000 2018,How @Cisco partnership w/ #Chainlink is Building Trustless Enterprise Solutions. #Blockchain via Better Science &amp; S… https://t.co/jyPUDDpwyC,7
Sun Aug 19 19:05:14 +0000 2018,For donations in ETH  0xb1dA9a201d8BdD86DA796994Adcc054503682A1A,0
Sun Aug 19 18:49:01 +0000 2018,How @Cisco partnership w/ #Chainlink is Building Trustless Enterprise Solutions. #Blockchain via Better Science &amp; S… https://t.co/jyPUDDpwyC,7
Sun Aug 19 18:34:54 +0000 2018,How @Cisco partnership w/ #Chainlink is Building Trustless Enterprise Solutions. #Blockchain via Better Science &amp; S… https://t.co/jyPUDDpwyC,7
Sun Aug 19 18:28:28 +0000 2018,Creating Millionaires from Pennies @VitalikButerin of #eth.  He's the founder of #ethereum  1st decentralized… https://t.co/9U6YzNBF9U,5
Sun Aug 19 18:13:25 +0000 2018,#Binance  3rd largest holder of #Chainlink tokens is almost depleted  volume is really low  just 15 000 to move… https://t.co/qY5cXNGpLr,9
Sun Aug 19 17:56:42 +0000 2018,How @Cisco partnership w/ #Chainlink is Building Trustless Enterprise Solutions. #Blockchain via Better Science &amp; S… https://t.co/jyPUDDpwyC,7
Sun Aug 19 17:47:46 +0000 2018,How @Cisco partnership w/ #Chainlink is Building Trustless Enterprise Solutions. #Blockchain via Better Science &amp; S… https://t.co/jyPUDDpwyC,7
Sun Aug 19 17:46:29 +0000 2018,How @Cisco partnership w/ #Chainlink is Building Trustless Enterprise Solutions. #Blockchain via Better Science &amp; S… https://t.co/jyPUDDpwyC,7
Sun Aug 19 17:46:04 +0000 2018,How @Cisco partnership w/ #Chainlink is Building Trustless Enterprise Solutions. #Blockchain via Better Science &amp; S… https://t.co/jyPUDDpwyC,7
Sun Aug 19 17:42:38 +0000 2018,WTF #Chainlink!  Swift #SmartContracts Aka Smart Bonds utilizing $Link #decentralized Oracle to validate external a… https://t.co/wlxeahvm4r,7
Sun Aug 19 17:25:08 +0000 2018,@VitalikButerin So  when will ETH facilitate a higher rate of TPS?,0
Sun Aug 19 14:41:54 +0000 2018,WTF #Chainlink!  Swift #SmartContracts Aka Smart Bonds utilizing $Link #decentralized Oracle to validate external a… https://t.co/wlxeahvm4r,7
Sun Aug 19 12:33:53 +0000 2018,🇰🇷 @YonhapNews Korea banks have $2 Billion worth of #crypto.  #Cryptocurrency was used 2 test financial viability w… https://t.co/4BKZ0oHi05,8
Sun Aug 19 09:37:34 +0000 2018,Mark Your Calendars for Nov  2018! #SWIFTNet goes live!  https://t.co/zrfixHNMtL Proof of Concept &amp; @Hyperledger Fr… https://t.co/7H0oflJUz8,10
Sun Aug 19 08:43:53 +0000 2018,#Chainlink technology used in @Cisco "Deploying Enterprise #blockchain". Ref pg 25. $Link decentralize tamperproof… https://t.co/c37biHs88i,12
Sun Aug 19 08:15:16 +0000 2018,【dApps】ETHが暴落！そんな時こそdAppsゲームをやるべき3つの理由  離島暮らしのデリ男ッティ https://t.co/X5ce31dEcW,0
Sun Aug 19 07:55:31 +0000 2018,WTF #Chainlink!  Swift #SmartContracts Aka Smart Bonds utilizing $Link #decentralized Oracle to validate external a… https://t.co/wlxeahvm4r,7
Sun Aug 19 07:52:26 +0000 2018,WTF #Chainlink!  Swift #SmartContracts Aka Smart Bonds utilizing $Link #decentralized Oracle to validate external a… https://t.co/wlxeahvm4r,7
Sun Aug 19 07:26:29 +0000 2018,#Binance  3rd largest holder of #Chainlink tokens is almost depleted  volume is really low  just 15 000 to move… https://t.co/qY5cXNGpLr,9
Sun Aug 19 06:26:38 +0000 2018,#Chainlink technology used in @Cisco "Deploying Enterprise #blockchain". Ref pg 25. $Link decentralize tamperproof… https://t.co/c37biHs88i,12
Sun Aug 19 06:10:22 +0000 2018,#Binance  3rd largest holder of #Chainlink tokens is almost depleted  volume is really low  just 15 000 to move… https://t.co/qY5cXNGpLr,9
Sun Aug 19 06:05:42 +0000 2018,#Chainlink technology used in @Cisco "Deploying Enterprise #blockchain". Ref pg 25. $Link decentralize tamperproof… https://t.co/c37biHs88i,12
Sun Aug 19 04:39:14 +0000 2018,#Binance  3rd largest holder of #Chainlink tokens is almost depleted  volume is really low  just 15 000 to move… https://t.co/qY5cXNGpLr,9
Sun Aug 19 04:15:13 +0000 2018,#Binance  3rd largest holder of #Chainlink tokens is almost depleted  volume is really low  just 15 000 to move… https://t.co/qY5cXNGpLr,9
Sun Aug 19 03:49:24 +0000 2018,Up higher the next few days  but then down one more leg for the final wave  another 1234. $ETH #Ethereum https://t.co/s3iFXAridS,0
Sun Aug 19 03:20:47 +0000 2018,Mark Your Calendars for Nov  2018! #SWIFTNet goes live!  https://t.co/zrfixHNMtL Proof of Concept &amp; @Hyperledger Fr… https://t.co/7H0oflJUz8,10
Sun Aug 19 03:20:41 +0000 2018,#Chainlink technology used in @Cisco "Deploying Enterprise #blockchain". Ref pg 25. $Link decentralize tamperproof… https://t.co/c37biHs88i,12
Sun Aug 19 03:20:24 +0000 2018,WTF #Chainlink!  Swift #SmartContracts Aka Smart Bonds utilizing $Link #decentralized Oracle to validate external a… https://t.co/wlxeahvm4r,7
Sun Aug 19 02:06:00 +0000 2018,WTF #Chainlink!  Swift #SmartContracts Aka Smart Bonds utilizing $Link #decentralized Oracle to validate external a… https://t.co/wlxeahvm4r,7
Sun Aug 19 01:30:48 +0000 2018,#Chainlink technology used in @Cisco "Deploying Enterprise #blockchain". Ref pg 25. $Link decentralize tamperproof… https://t.co/c37biHs88i,12
Sun Aug 19 01:24:15 +0000 2018,#Binance  3rd largest holder of #Chainlink tokens is almost depleted  volume is really low  just 15 000 to move… https://t.co/qY5cXNGpLr,9
Sun Aug 19 01:10:33 +0000 2018,WTF #Chainlink!  Swift #SmartContracts Aka Smart Bonds utilizing $Link #decentralized Oracle to validate external a… https://t.co/wlxeahvm4r,7
Sun Aug 19 01:08:22 +0000 2018,WTF #Chainlink!  Swift #SmartContracts Aka Smart Bonds utilizing $Link #decentralized Oracle to validate external a… https://t.co/wlxeahvm4r,7
Sun Aug 19 01:07:09 +0000 2018,Bond buyers: pension funds  insurers  sovereign wealth funds  hedge funds &amp; individuals.  To protect from dishonest… https://t.co/4u1Vs71LsA,3
Sun Aug 19 01:06:02 +0000 2018,#Chainlink technology used in @Cisco "Deploying Enterprise #blockchain". Ref pg 25. $Link decentralize tamperproof… https://t.co/c37biHs88i,12
Sun Aug 19 00:42:18 +0000 2018,#Chainlink technology used in @Cisco "Deploying Enterprise #blockchain". Ref pg 25. $Link decentralize tamperproof… https://t.co/c37biHs88i,12
