Mon Feb 19 21:40:33 +0000 2018,24 Hours until next 10 000 ZIG winner is announced! Only 0.01 can bring you jackpot. 0.015 ETH participation in ICO… https://t.co/oB7YZgvthu,0
Mon Feb 19 20:29:19 +0000 2018,.@BlockfolioApp not sure how to change ETH/BTC to ETH/USD after I switch exchange to Coinbase. Am I missing somethi… https://t.co/OXYYBojD6a,0
Mon Feb 19 19:17:18 +0000 2018,#btc #eth and #altcoins hodlers can understand. Shill coin investors and day traders can't see past the flames! https://t.co/6aezuINpuh,0
Mon Feb 19 17:59:26 +0000 2018,Easy sign up for MaxData #airdrop  https://t.co/9FDZklStZz  #crypto #rdd #xrp #btc #ltc #uny #xvg #trx #neo #qtum #eth #etc,0
Mon Feb 19 17:36:32 +0000 2018,Easy #airdrop signup for #WMT   https://t.co/4x5noIsYED  #crypto #xvg #xrp #ltc #btc #neo #poly #uny #eth #etc #trx… https://t.co/9jSA3YF45y,0
Mon Feb 19 16:24:22 +0000 2018,@Simba68102519 Yes  of course.  Need an address to send ETH to? 😂😂😂,0
Mon Feb 19 15:54:56 +0000 2018,@DecentralizedTV Ewwww weeeee that ETH CLASSIC though (ETC) TO THE MOON!!!!!😆😆😆😁😁✌✌,0
Mon Feb 19 14:35:33 +0000 2018,Our portfolio:   Bitcoin        59%        4.2679 BTC   $46 563.78 Litecoin      37%     133.4726 LTC   $29 644.27… https://t.co/zhYYsVULyv,2
Mon Feb 19 14:08:28 +0000 2018,Our portfolio:   Bitcoin        59%        4.2679 BTC   $46 563.78 Litecoin      37%     133.4726 LTC   $29 644.27… https://t.co/zhYYsVULyv,2
Mon Feb 19 13:55:36 +0000 2018,Our portfolio:   Bitcoin        59%        4.2679 BTC   $46 563.78 Litecoin      37%     133.4726 LTC   $29 644.27… https://t.co/zhYYsVULyv,2
Mon Feb 19 07:20:54 +0000 2018,#仮想通貨 #暗号通貨 #Cryptocurrencies #ICO #Blockchain #FX  【保有】 #BTC #ETH #XRP #ADA #NEO #OMG #SKY,0
Mon Feb 19 06:30:36 +0000 2018,Ethereum Price Technical Analysis – Can ETH/USD Hold This? - Key Highlights ETH price is correcting lower  but it i… https://t.co/apo7IQ4ATG,0
Mon Feb 19 04:12:09 +0000 2018,If you need a #sharktank guy 2 tell you #blockchain is “here 2 stay” cause ur not convinced  ur doing it wrong $btc $neo $eth $ltc $strat,1
Mon Feb 19 04:11:54 +0000 2018,If you need a #sharktank guy 2 tell you #blockchain is “here 2 stay” cause ur not convinced  ur doing it wrong $btc $neo $eth $ltc $strat,1
Mon Feb 19 00:49:10 +0000 2018,CRYPTO GIVEAWAY #3 Win a week of crypto mining directly to your wallet. With the choice of ETH or BTC as the payout… https://t.co/wCRtkFO7Oc,116
