Sat Sep 15 18:51:10 +0000 2018,#litecoin #bitcoin really omg 😲 #CryptoNews #cryptocurrency #crypto #ltc let’s see how this affects the price inqui… https://t.co/t95miebEW4,1
Sat Sep 15 06:07:45 +0000 2018,#crypto #crypto currency #cryptotrading  #cryptocurrencynews  #litecoin #bitcoin #ltc #btc Can Litecoin (LTC) attai… https://t.co/8B7avdst63,1
Sat Sep 15 05:48:38 +0000 2018,#crypto #crypto currency #cryptotrading  #cryptocurrencynews  #litecoin #bitcoin #ltc #btc Can Litecoin (LTC) attai… https://t.co/8B7avdst63,1
Sat Sep 15 02:44:38 +0000 2018,#litecoin #bitcoin really omg 😲 #CryptoNews #cryptocurrency #crypto #ltc let’s see how this affects the price inqui… https://t.co/t95miebEW4,1
Sat Sep 15 01:29:42 +0000 2018,#litecoin and #amazon deal ??? #cryptocurrency  #Crypto   https://t.co/zMbn1FmPYE,0
