Sat Aug 25 23:06:43 +0000 2018,When Margaret was living in a mining camp in Leadville  Colorado  with small children of her own  she became active… https://t.co/h9TpMewLQx,0
Sat Aug 25 22:30:04 +0000 2018,Don't miss the #Denver #Bitcoin &amp; Crypto Investing  Trading &amp; Mining meetup this coming Thursday: https://t.co/JTgpr7K4PS,0
Sat Aug 25 22:11:55 +0000 2018,LIVE! TOB on the main. Mining on the ironman. Come chill  https://t.co/y3IYqBpCui,0
Sat Aug 25 20:55:00 +0000 2018,What is Bitcoin Mining anyway? https://t.co/lEiP85dCke,1
Sat Aug 25 17:11:35 +0000 2018,The Colorado Mining Association welcomed news of the proposed replacement of the Clean Power Plan.  EPA's proposed… https://t.co/xsqmXcbFB9,5
Sat Aug 25 15:23:08 +0000 2018,Trump: "Impeach me and the market crashes"  https://t.co/HriMfuuezU  $LITX $TAN $FAN $REMX $PICK $XME $GLD $PALL… https://t.co/JvLjon6ctN,13
Sat Aug 25 15:06:59 +0000 2018,Register Today! Our 33rd Annual #SMEFlorida2018 Regional Mining Conference is almost here. Register now to be apart… https://t.co/Z6aZTfiaVD,3
Sat Aug 25 14:52:40 +0000 2018,Register Today! Our 33rd Annual #SMEFlorida2018 Regional Mining Conference is almost here. Register now to be apart… https://t.co/Z6aZTfiaVD,3
Sat Aug 25 14:15:08 +0000 2018,Don't miss this notable event! Get the chance to share experiences and identify mutual opportunities for growth for… https://t.co/jHZI8ggz1N,0
Sat Aug 25 13:47:27 +0000 2018,RMGM Promotions Presents! Free Lecture Series Guest Speaker: Thomas Nagin  3:00pm Crystal Springs Mining &amp; Jewelry… https://t.co/ELc3ClpkUP,0
Sat Aug 25 09:10:01 +0000 2018,BC: Oh  so you think you're too good for us now  little "Miss _____!" WC: Data mining.  Vote on this Pair to help t… https://t.co/FAH1p4KIR5,0
Sat Aug 25 02:36:00 +0000 2018,How you can set up your own ASIC Mining Rig. https://t.co/FVEibnWI3m,1
Sat Aug 25 01:45:56 +0000 2018,Meet "Big Brutus" the 160-foot tall coal shovel  once used for mining  located in West Mineral  Kansas. After finis… https://t.co/65HfbMb7tn,1
Sat Aug 25 01:10:50 +0000 2018,Talk of copper  gold rebound might be sound https://t.co/iOI7TyJ2J6,5
Sat Aug 25 01:05:06 +0000 2018,Meet "Big Brutus" the 160-foot tall coal shovel  once used for mining  located in West Mineral  Kansas. After finis… https://t.co/65HfbMb7tn,1
