Sun Nov 18 23:41:59 +0000 2018,Did you ever wonder what the whales are doing in a given #Crypto? Learn how you can analyze the #Ethereum… https://t.co/ET7OgSM55i,140
Sun Nov 18 20:07:53 +0000 2018,Ethereum will be be more deflationary than Bitcoin as gas fees expand in shear volume &amp; use. The supply ETH may eve… https://t.co/Iib43dsWD0,9
Sun Nov 18 20:00:20 +0000 2018,$TRX passed #ETH on October 18th. No other crypto is this focused on growth. @justinsuntron @Tronfoundation #TRON https://t.co/ba3WQvk9sH,5
Sun Nov 18 19:58:37 +0000 2018,#Bitcoin update. Taking a bit of a breather here. Still in the same boring range  but we do have some movement in E… https://t.co/C6G3LJuLR6,111
Sun Nov 18 19:58:22 +0000 2018,Did you ever wonder what the whales are doing in a given #Crypto? Learn how you can analyze the #Ethereum… https://t.co/ET7OgSM55i,140
Sun Nov 18 19:58:16 +0000 2018,$ETH not doing so well  after poping up above $200 USD. There has been some good newflow regarding the #ethereum ne… https://t.co/Ds3n3tzC5J,119
Sun Nov 18 19:24:37 +0000 2018,#Ethereum #eth price chart with some daily signals and different view. Stay tuned to have this updated https://t.co/g8nvBNiwDo,11
Sun Nov 18 19:15:19 +0000 2018,$ETH not doing so well  after poping up above $200 USD. There has been some good newflow regarding the #ethereum ne… https://t.co/Ds3n3tzC5J,119
Sun Nov 18 18:59:17 +0000 2018,@EthanDolan We love you to eth💗,0
Sun Nov 18 18:56:33 +0000 2018,@chintanmajithia @VitalikButerin @el33th4xor They have ETC to go mine. POS was in the ETH WP  it’s not contentious.… https://t.co/SsfzPaxdFW,0
Sun Nov 18 18:39:42 +0000 2018,$ETH not doing so well  after poping up above $200 USD. There has been some good newflow regarding the #ethereum ne… https://t.co/Ds3n3tzC5J,119
Sun Nov 18 18:28:54 +0000 2018,$TRX Will completely dominate #ETH over the next year. Nothing new with @ethereum... it’s has failed.  #TRON… https://t.co/JU16DFstnx,16
Sun Nov 18 17:55:41 +0000 2018,#Bitcoin update. Taking a bit of a breather here. Still in the same boring range  but we do have some movement in E… https://t.co/C6G3LJuLR6,111
Sun Nov 18 17:36:10 +0000 2018,Did you ever wonder what the whales are doing in a given #Crypto? Learn how you can analyze the #Ethereum… https://t.co/ET7OgSM55i,140
Sun Nov 18 17:16:10 +0000 2018,$ETH not doing so well  after poping up above $200 USD. There has been some good newflow regarding the #ethereum ne… https://t.co/Ds3n3tzC5J,119
Sun Nov 18 17:16:08 +0000 2018,Did you ever wonder what the whales are doing in a given #Crypto? Learn how you can analyze the #Ethereum… https://t.co/ET7OgSM55i,140
Sun Nov 18 16:58:56 +0000 2018,@bitcoinrich3 @antiprosynth How can it be when ETH CBOE futures are launching? Comments were made by a chief official back in July.,0
Sun Nov 18 16:49:15 +0000 2018,@OfficialScroll So basically Scroll is the next ETH but much better  faster and not hackable and vulnerable? Theref… https://t.co/G84xh9LTIj,0
Sun Nov 18 16:30:59 +0000 2018,#Bitcoin update. Taking a bit of a breather here. Still in the same boring range  but we do have some movement in E… https://t.co/C6G3LJuLR6,111
Sun Nov 18 16:24:56 +0000 2018,#Ethereum #eth price chart with some daily signals and different view. Stay tuned to have this updated https://t.co/g8nvBNiwDo,11
Sun Nov 18 16:21:26 +0000 2018,Did you ever wonder what the whales are doing in a given #Crypto? Learn how you can analyze the #Ethereum… https://t.co/ET7OgSM55i,140
Sun Nov 18 16:04:34 +0000 2018,#Bitcoin update. Taking a bit of a breather here. Still in the same boring range  but we do have some movement in E… https://t.co/C6G3LJuLR6,111
Sun Nov 18 15:45:22 +0000 2018,Ethereum &amp; protocols like it can have ZERO inflation to negative inflation (burning supply) in POS &amp; still pay out… https://t.co/cSTUQnQaEY,0
Sun Nov 18 15:31:23 +0000 2018,$ETH not doing so well  after poping up above $200 USD. There has been some good newflow regarding the #ethereum ne… https://t.co/Ds3n3tzC5J,119
Sun Nov 18 15:28:44 +0000 2018,Earn ETH or BTC with GYM Rewards https://t.co/0Gc7ee1yjC  https://t.co/Z0exiiX2p0   #cryptocurrency #wallet… https://t.co/EAE8kQBDwt,282
Sun Nov 18 15:28:19 +0000 2018,Ethereum will be be more deflationary than Bitcoin as gas fees expand in shear volume &amp; use. The supply ETH may eve… https://t.co/Iib43dsWD0,9
Sun Nov 18 15:26:44 +0000 2018,Ethereum will be be more deflationary than Bitcoin as gas fees expand in shear volume &amp; use. The supply ETH may eve… https://t.co/Iib43dsWD0,9
Sun Nov 18 15:25:52 +0000 2018,@bitcoinrich3 @antiprosynth News flash: ETH not a security according to SEC. Any decentralized network tokens not s… https://t.co/lKYFRemxmL,1
Sun Nov 18 15:23:40 +0000 2018,@bitcoinrich3 @antiprosynth News flash: ETH not a security according to SEC. Any decentralized network tokens not s… https://t.co/lKYFRemxmL,1
Sun Nov 18 13:48:41 +0000 2018,Daily #crypto update. Biggest #cryptocurrency movers in past 24h and #Bitcoin #ETH volume analysis #marketcap https://t.co/FjLcoczfd8,0
Sun Nov 18 13:32:29 +0000 2018,Earn ETH or BTC with GYM Rewards https://t.co/0Gc7ee1yjC  https://t.co/Z0exiiX2p0   #cryptocurrency #wallet… https://t.co/EAE8kQBDwt,282
Sun Nov 18 13:31:37 +0000 2018,#Bitcoin update. Taking a bit of a breather here. Still in the same boring range  but we do have some movement in E… https://t.co/C6G3LJuLR6,111
Sun Nov 18 13:12:04 +0000 2018,Did you ever wonder what the whales are doing in a given #Crypto? Learn how you can analyze the #Ethereum… https://t.co/ET7OgSM55i,140
Sun Nov 18 12:36:21 +0000 2018,Earn ETH or BTC with GYM Rewards https://t.co/0Gc7ee1yjC  https://t.co/Z0exiiX2p0   #cryptocurrency #wallet… https://t.co/EAE8kQBDwt,282
Sun Nov 18 12:35:17 +0000 2018,#Ethereum #eth price chart with some daily signals and different view. Stay tuned to have this updated https://t.co/g8nvBNiwDo,11
Sun Nov 18 12:27:47 +0000 2018,#horny #lips #sexy #hot #cumtribute #naked #porn #sex #sexchat #cock #dick #eth  #etherum #crypto #giveaway… https://t.co/Rb4xTHF5JJ,0
Sun Nov 18 12:02:31 +0000 2018,Did you ever wonder what the whales are doing in a given #Crypto? Learn how you can analyze the #Ethereum… https://t.co/ET7OgSM55i,140
Sun Nov 18 11:42:03 +0000 2018,$TRX passed #ETH on October 18th. No other crypto is this focused on growth. @justinsuntron @Tronfoundation #TRON https://t.co/ba3WQvk9sH,5
Sun Nov 18 11:29:49 +0000 2018,Ethereum will be be more deflationary than Bitcoin as gas fees expand in shear volume &amp; use. The supply ETH may eve… https://t.co/Iib43dsWD0,9
Sun Nov 18 10:03:12 +0000 2018,$ETH not doing so well  after poping up above $200 USD. There has been some good newflow regarding the #ethereum ne… https://t.co/Ds3n3tzC5J,119
Sun Nov 18 09:59:22 +0000 2018,$TRX Will completely dominate #ETH over the next year. Nothing new with @ethereum... it’s has failed.  #TRON… https://t.co/JU16DFstnx,16
Sun Nov 18 09:03:45 +0000 2018,Did you ever wonder what the whales are doing in a given #Crypto? Learn how you can analyze the #Ethereum… https://t.co/ET7OgSM55i,140
Sun Nov 18 08:58:05 +0000 2018,$TRX passed #ETH on October 18th. No other crypto is this focused on growth. @justinsuntron @Tronfoundation #TRON https://t.co/ba3WQvk9sH,5
Sun Nov 18 08:36:58 +0000 2018,#Bitcoin update. Taking a bit of a breather here. Still in the same boring range  but we do have some movement in E… https://t.co/C6G3LJuLR6,111
Sun Nov 18 08:24:58 +0000 2018,$TRX Will completely dominate #ETH over the next year. Nothing new with @ethereum... it’s has failed.  #TRON… https://t.co/JU16DFstnx,16
Sun Nov 18 08:15:22 +0000 2018,Start to earn more bitcoin for you to save for your retirement #ethereum #btc #bitcoincharts #bitcoinbillionaire… https://t.co/i6Pv9Quj0N,2
Sun Nov 18 07:49:43 +0000 2018,Start to earn more bitcoin for you to save for your retirement #ethereum #btc #bitcoincharts #bitcoinbillionaire… https://t.co/i6Pv9Quj0N,2
Sun Nov 18 07:47:11 +0000 2018,Start investment of $69k for retirement and that you can save up 1million dollar.  #cryptotrading #altcoin #eth… https://t.co/GABfy44eIX,0
Sun Nov 18 07:28:27 +0000 2018,Earn ETH or BTC with GYM Rewards https://t.co/0Gc7ee1yjC  https://t.co/Z0exiiX2p0   #cryptocurrency #wallet… https://t.co/EAE8kQBDwt,282
Sun Nov 18 07:14:14 +0000 2018,$TRX passed #ETH on October 18th. No other crypto is this focused on growth. @justinsuntron @Tronfoundation #TRON https://t.co/ba3WQvk9sH,5
Sun Nov 18 07:13:54 +0000 2018,$TRX Will completely dominate #ETH over the next year. Nothing new with @ethereum... it’s has failed.  #TRON… https://t.co/JU16DFstnx,16
Sun Nov 18 06:51:18 +0000 2018,$TRX Will completely dominate #ETH over the next year. Nothing new with @ethereum... it’s has failed.  #TRON… https://t.co/JU16DFstnx,16
Sun Nov 18 05:35:22 +0000 2018,$TRX Will completely dominate #ETH over the next year. Nothing new with @ethereum... it’s has failed.  #TRON… https://t.co/JU16DFstnx,16
Sun Nov 18 05:15:09 +0000 2018,$TRX Will completely dominate #ETH over the next year. Nothing new with @ethereum... it’s has failed.  #TRON… https://t.co/JU16DFstnx,16
Sun Nov 18 04:13:00 +0000 2018,Ethereum will be be more deflationary than Bitcoin as gas fees expand in shear volume &amp; use. The supply ETH may eve… https://t.co/Iib43dsWD0,9
Sun Nov 18 04:10:57 +0000 2018,Ethereum will be be more deflationary than Bitcoin as gas fees expand in shear volume &amp; use. The supply ETH may eve… https://t.co/Iib43dsWD0,9
Sun Nov 18 03:54:22 +0000 2018,Ethereum will be be more deflationary than Bitcoin as gas fees expand in shear volume &amp; use. The supply ETH may eve… https://t.co/Iib43dsWD0,9
Sun Nov 18 03:22:44 +0000 2018,Ethereum will be be more deflationary than Bitcoin as gas fees expand in shear volume &amp; use. The supply ETH may eve… https://t.co/Iib43dsWD0,9
Sun Nov 18 03:09:43 +0000 2018,@evanthefreeman Some are unicorns 🦄 that will add tremendous value though. A lot is being built when you look close with ETH &amp; #defin,0
Sun Nov 18 02:48:02 +0000 2018,Ethereum will be be more deflationary than Bitcoin as gas fees expand in shear volume &amp; use. The supply ETH may eve… https://t.co/Iib43dsWD0,9
Sun Nov 18 02:33:55 +0000 2018,$TRX Will completely dominate #ETH over the next year. Nothing new with @ethereum... it’s has failed.  #TRON… https://t.co/JU16DFstnx,16
Sun Nov 18 02:08:11 +0000 2018,Ethereum will be be more deflationary than Bitcoin as gas fees expand in shear volume &amp; use. The supply ETH may eve… https://t.co/Iib43dsWD0,9
Sun Nov 18 01:42:10 +0000 2018,$TRX Will completely dominate #ETH over the next year. Nothing new with @ethereum... it’s has failed.  #TRON… https://t.co/JU16DFstnx,16
Sun Nov 18 00:47:01 +0000 2018,$TRX Will completely dominate #ETH over the next year. Nothing new with @ethereum... it’s has failed.  #TRON… https://t.co/JU16DFstnx,16
Sun Nov 18 00:40:45 +0000 2018,$ETH not doing so well  after poping up above $200 USD. There has been some good newflow regarding the #ethereum ne… https://t.co/Ds3n3tzC5J,119
