Tue Dec 18 19:21:35 +0000 2018,$TRX TRON dApp Popularity Surges: A Million Transactions In 24 Hours - https://t.co/4xQwhTs8IV,1
Tue Dec 18 14:08:58 +0000 2018,Listening to Tron Cat thinking about all the homework I didn’t do last night 😤,2
Tue Dec 18 13:10:48 +0000 2018,$TRX TRON dApp Popularity Surges: A Million Transactions In 24 Hours - https://t.co/4xQwhTs8IV,1
Tue Dec 18 13:03:13 +0000 2018,Listening to Tron Cat thinking about all the homework I didn’t do last night 😤,2
