Sun Aug 26 23:55:50 +0000 2018,Could $BTC #Bitcoin Replace Credit Cards?  $V $MA $AXP   https://t.co/acf1SV7S2Q,1
Sun Aug 26 23:52:38 +0000 2018,BIP 158 merged! Great work @roasbeef  @stile65  @jimpo_potamus and others. One small step for Bitcoin  one giant st… https://t.co/kIAkCn6Q77,45
Sun Aug 26 23:41:46 +0000 2018,#Bitcoin #Ethereum #Litecoin #OdysseyOCN #Dogecoin #Ripple #Dash #Golem #Cardano #CureCoin #XEM #Monero #Zcash… https://t.co/JBeQN1Wl2Z,1
Sun Aug 26 23:37:26 +0000 2018,Why I choose to HODL.. $banca #Banca #HODL #bitcoin #Blockchain https://t.co/rVMyHOluZA,1
Sun Aug 26 23:33:03 +0000 2018,Bitcoin's Price Builds Bottom As Upward Pressure Grows |  https://t.co/3LreGDQUqy https://t.co/OwJtc1q8og,0
Sun Aug 26 23:21:51 +0000 2018,Always interesting seeing #crypto folks talk about diversifying into real estate.  As a developer for 20 yrs and ha… https://t.co/1MIyCRT0ly,1
Sun Aug 26 23:18:56 +0000 2018,#Bitcoin #Ethereum #Litecoin #OdysseyOCN #Dogecoin #Ripple #Dash #Golem #Cardano #CureCoin #XEM #Monero #Zcash… https://t.co/JBeQN1Wl2Z,1
Sun Aug 26 23:16:00 +0000 2018,Bitcoin Weekly Parabolas 8/26/2018 #bitcoin #cryptocurrency #Parabolas #btcusd #btc #trading #blockchain #crypto… https://t.co/UEo1SNINLy,1
Sun Aug 26 23:14:57 +0000 2018,Bitcoin Daily Parabolas 8/26/2018 #bitcoin #cryptocurrency #Parabolas #btcusd #btc #trading #blockchain #crypto… https://t.co/UpGd1SVOxY,1
Sun Aug 26 23:13:39 +0000 2018,#Cryptocurrencies did nothing all weekend. No news. No action. #nada #bitcoin #ethereum #litecoin #ethereumclassic… https://t.co/rPzhNmlAk4,0
Sun Aug 26 22:55:53 +0000 2018,The wait for a bitcoin ETF goes on https://t.co/e2mHxf5SL0  via @businessinsider #crypto #cryptocurrency #fintech… https://t.co/xZl8zpQ0iM,0
Sun Aug 26 22:52:45 +0000 2018,I'll be in Chicago this week talking #bitcoin #inheritance with a bunch of lawyers. Join us  it's free.  https://t.co/uHFAu6wuga,11
Sun Aug 26 22:50:09 +0000 2018,BIP 158 merged! Great work @roasbeef  @stile65  @jimpo_potamus and others. One small step for Bitcoin  one giant st… https://t.co/kIAkCn6Q77,45
Sun Aug 26 22:49:24 +0000 2018,BIP 158 merged! Great work @roasbeef  @stile65  @jimpo_potamus and others. One small step for Bitcoin  one giant st… https://t.co/kIAkCn6Q77,45
Sun Aug 26 22:45:55 +0000 2018,Coinbase UK CEO Explains Why a Lack of Regulation is the Biggest Problem Facing #Cryptocurrency. $BTC #Bitcoin https://t.co/ieAuD7Ck4j,0
Sun Aug 26 22:42:37 +0000 2018,BIP 158 merged! Great work @roasbeef  @stile65  @jimpo_potamus and others. One small step for Bitcoin  one giant st… https://t.co/kIAkCn6Q77,45
Sun Aug 26 22:34:33 +0000 2018,Fundstrat’s Tom Lee: ‘Correlation’ Between $BTC and Emerging Markets Is Sign of Upcoming Trend Reversal   #Bitcoin https://t.co/uewUM69xxu,0
Sun Aug 26 22:28:36 +0000 2018,Could $BTC #Bitcoin Replace Credit Cards?  $V $MA $AXP   https://t.co/acf1SV7S2Q,1
Sun Aug 26 22:19:20 +0000 2018,New CNBC Documentary Explores the Cultism of $BTC #Bitcoin. https://t.co/5JZOdd9dbG,1
Sun Aug 26 22:17:12 +0000 2018,7 Investors Back World’s First #Blockchain Bond  Demand From Institutions. $BTC  #Bitcoin https://t.co/S6YSaRZmF3,1
Sun Aug 26 22:17:02 +0000 2018,New CNBC Documentary Explores the Cultism of $BTC #Bitcoin. https://t.co/5JZOdd9dbG,1
Sun Aug 26 22:16:02 +0000 2018,$BTC #Bitcoin -Themed Hostel Opens in Scenic Brazilian Town of Paraty   https://t.co/PT1QVlP4uz,0
Sun Aug 26 22:15:35 +0000 2018,7 Investors Back World’s First #Blockchain Bond  Demand From Institutions. $BTC  #Bitcoin https://t.co/S6YSaRZmF3,1
Sun Aug 26 22:15:12 +0000 2018,#Bitcoin #Ethereum #Litecoin #OdysseyOCN #Dogecoin #Ripple #Dash #Golem #Cardano #CureCoin #XEM #Monero #Zcash… https://t.co/IHLHsxYdPH,0
Sun Aug 26 22:03:41 +0000 2018,BIP 158 merged! Great work @roasbeef  @stile65  @jimpo_potamus and others. One small step for Bitcoin  one giant st… https://t.co/kIAkCn6Q77,45
Sun Aug 26 22:00:51 +0000 2018,#BITCOIN : #ETHEREUM Aug-26 Update #CryptoCurrency #Technical #Analysis #Chart  Watch -&gt; https://t.co/ZB25lnDs0G… https://t.co/ociWtRxcM5,0
Sun Aug 26 21:57:57 +0000 2018,BIP 158 merged! Great work @roasbeef  @stile65  @jimpo_potamus and others. One small step for Bitcoin  one giant st… https://t.co/kIAkCn6Q77,45
Sun Aug 26 21:55:32 +0000 2018,Meet Tabyna Khan to discuss eLYQD at the IDEAS conference. Sunday 26th 3:30 PM   #ico #tokensale #crowdsale… https://t.co/0dA9qGNeXc,357
Sun Aug 26 21:49:05 +0000 2018,[NEW POST]: Bitcoin Sign Guy Artwork + https://t.co/xhqKdwK2MY #cryptocurrency #crypto,0
Sun Aug 26 21:48:35 +0000 2018,BIP 158 merged! Great work @roasbeef  @stile65  @jimpo_potamus and others. One small step for Bitcoin  one giant st… https://t.co/kIAkCn6Q77,45
Sun Aug 26 21:37:34 +0000 2018,Great Universa progress in August!  Going to be huge blockchain player soon!  #utn #utnp #cryptocurrency #bitcoin… https://t.co/cWdNxFdkG7,0
Sun Aug 26 21:28:46 +0000 2018,When we all stand together  we become invincible. That's the secret!  #ico #tokensale #crowdsale #fundraising… https://t.co/OuGWurZIIY,350
Sun Aug 26 21:12:56 +0000 2018,@StopAndDecrypt @Beautyon_ #bitcoin started with high inflation as the inflation rate goes down so will the stupid.,0
Sun Aug 26 21:10:02 +0000 2018,#Bitcoin #Ethereum #Litecoin #OdysseyOCN #Dogecoin #Ripple #Dash #Golem #Cardano #CureCoin #XEM #Monero #Zcash… https://t.co/TMv0cBIuhb,0
Sun Aug 26 21:06:01 +0000 2018,SEC Quashes More Bitcoin ETF Pitches in Another Blow to Crypto https://t.co/g0qkHSVynj https://t.co/yyTtBjIezX,0
Sun Aug 26 20:57:47 +0000 2018,When we all stand together  we become invincible. That's the secret!  #ico #tokensale #crowdsale #fundraising… https://t.co/OuGWurZIIY,350
Sun Aug 26 20:57:35 +0000 2018,#Bitcoin is changing the world https://t.co/5wSjP5Bh8k,1
Sun Aug 26 20:54:19 +0000 2018,The SEC Is Weighing a Bitcoin Futures ETF – Here's What That Means https://t.co/R0HyaxZ3da via @CoinDesk,0
Sun Aug 26 20:50:13 +0000 2018,BIP 158 merged! Great work @roasbeef  @stile65  @jimpo_potamus and others. One small step for Bitcoin  one giant st… https://t.co/kIAkCn6Q77,45
Sun Aug 26 20:46:21 +0000 2018,PRIZE POOL HAS BEEN UPDATED! Form: https://t.co/z73KnW2add   https://t.co/g5hzl8KxjR  #ico #tokensale #crowdsale… https://t.co/rii6KfARqu,376
Sun Aug 26 20:44:44 +0000 2018,If the sky is the limit  then lets go there!  https://t.co/aco8kdjPKI  #ico #tokensale #crowdsale #fundraising… https://t.co/A4yfG4wNVz,464
Sun Aug 26 20:37:27 +0000 2018,@Beautyon_ There is soo much to learn and so hard to accept that much of what I learned was flat out wrong.… https://t.co/KblUxSwxcj,0
Sun Aug 26 20:36:46 +0000 2018,BIP 158 merged! Great work @roasbeef  @stile65  @jimpo_potamus and others. One small step for Bitcoin  one giant st… https://t.co/kIAkCn6Q77,45
Sun Aug 26 20:25:56 +0000 2018,BIP 158 merged! Great work @roasbeef  @stile65  @jimpo_potamus and others. One small step for Bitcoin  one giant st… https://t.co/kIAkCn6Q77,45
Sun Aug 26 20:20:52 +0000 2018,Congrats @manoushz &amp; @jpoyant on a fantastic first season! You f-ing did it. The @zigzagpod tribute from Bitcoin Is… https://t.co/o5fTOsdAgx,4
Sun Aug 26 20:14:34 +0000 2018,When we all stand together  we become invincible. That's the secret!  #ico #tokensale #crowdsale #fundraising… https://t.co/OuGWurZIIY,350
Sun Aug 26 20:14:25 +0000 2018,When we all stand together  we become invincible. That's the secret!  #ico #tokensale #crowdsale #fundraising… https://t.co/OuGWurZIIY,350
Sun Aug 26 20:02:42 +0000 2018,Discussing recent comments from regulators to “shut down bitcoin” that would be like  @EdmundCMoy says  “…if JP Mor… https://t.co/Zz33mL1zSp,7
Sun Aug 26 20:01:16 +0000 2018,When we all stand together  we become invincible. That's the secret!  #ico #tokensale #crowdsale #fundraising… https://t.co/OuGWurZIIY,350
Sun Aug 26 19:58:55 +0000 2018,#Bitcoin #Ethereum #Litecoin #OdysseyOCN #Dogecoin #Ripple #Dash #Golem #Cardano #CureCoin #XEM #Monero #Zcash… https://t.co/6G10mrgaUB,0
Sun Aug 26 19:56:27 +0000 2018,When we all stand together  we become invincible. That's the secret!  #ico #tokensale #crowdsale #fundraising… https://t.co/OuGWurZIIY,350
Sun Aug 26 19:52:52 +0000 2018,When we all stand together  we become invincible. That's the secret!  #ico #tokensale #crowdsale #fundraising… https://t.co/OuGWurZIIY,350
Sun Aug 26 19:40:58 +0000 2018,When we all stand together  we become invincible. That's the secret!  #ico #tokensale #crowdsale #fundraising… https://t.co/OuGWurZIIY,350
Sun Aug 26 19:40:02 +0000 2018,#BTCUSD - Bitcoin w trójkącie zwyżkującym - https://t.co/S4OvI9P4pB,0
Sun Aug 26 19:30:49 +0000 2018,Meet Tabyna Khan to discuss eLYQD at the IDEAS conference. Sunday 26th 3:30 PM   #ico #tokensale #crowdsale… https://t.co/0dA9qGNeXc,357
Sun Aug 26 19:28:32 +0000 2018,Bitcoin Price: Tom Lee is Standing by His $20 000+ End-of-Year Target https://t.co/cYqprh5hTf https://t.co/HzQGca0NZz,1
Sun Aug 26 19:27:27 +0000 2018,When we all stand together  we become invincible. That's the secret!  #ico #tokensale #crowdsale #fundraising… https://t.co/OuGWurZIIY,350
Sun Aug 26 19:23:08 +0000 2018,Bitcoin Price: Tom Lee is Standing by His $20 000+ End-of-Year Target https://t.co/cYqprh5hTf https://t.co/HzQGca0NZz,1
Sun Aug 26 19:22:03 +0000 2018,BIP 158 merged! Great work @roasbeef  @stile65  @jimpo_potamus and others. One small step for Bitcoin  one giant st… https://t.co/kIAkCn6Q77,45
Sun Aug 26 19:16:00 +0000 2018,Meet Tabyna Khan to discuss eLYQD at the IDEAS conference. Sunday 26th 3:30 PM   #ico #tokensale #crowdsale… https://t.co/0dA9qGNeXc,357
Sun Aug 26 19:15:52 +0000 2018,Check out the @lopp blog about steel cold storage to see why Crypto Key Stack is the top product on the market. Lin… https://t.co/FXbY33g4lT,2
Sun Aug 26 19:11:42 +0000 2018,Eid Mubarak to everyone.   https://t.co/mZhyOfXe7C  #ico #tokensale #crowdsale #fundraising #tokens #airdrop… https://t.co/tQTy0aPrJA,461
Sun Aug 26 19:07:09 +0000 2018,When we all stand together  we become invincible. That's the secret!  #ico #tokensale #crowdsale #fundraising… https://t.co/OuGWurZIIY,350
Sun Aug 26 18:58:54 +0000 2018,The Bitcoin News Show #87 - SEC Decision Review  China Hates Bitcoin Aga... https://t.co/fNy1YgKNaN via @YouTube,0
Sun Aug 26 18:57:55 +0000 2018,#Bitcoin #Ethereum #Litecoin #OdysseyOCN #Dogecoin #Ripple #Dash #Golem #Cardano #CureCoin #XEM #Monero #Zcash… https://t.co/53Mjq0UCFZ,0
Sun Aug 26 18:53:56 +0000 2018,Bitcoin Daily Parabolas 8/26/2018 #bitcoin #cryptocurrency #Parabolas #btcusd #btc #trading #blockchain #crypto… https://t.co/UpGd1SVOxY,1
Sun Aug 26 18:53:30 +0000 2018,Bitcoin Weekly Parabolas 8/26/2018 #bitcoin #cryptocurrency #Parabolas #btcusd #btc #trading #blockchain #crypto… https://t.co/UEo1SNINLy,1
Sun Aug 26 18:50:00 +0000 2018,#BTCUSD - Bitcoin  szansa na wzrosty - https://t.co/pT566WvA96,0
Sun Aug 26 18:46:42 +0000 2018,"Filter" #Stickers #cryptocurrency #Crypto #bitcoin #cryptoart https://t.co/lsh95hLOJ0,5
Sun Aug 26 18:43:27 +0000 2018,Great work with the conference @DisruptionJoe 👏👏  You &amp; @ChicagoHodl did a great job with the 1st ever… https://t.co/TYl4mhShG9,1
Sun Aug 26 18:32:54 +0000 2018,BIP 158 merged! Great work @roasbeef  @stile65  @jimpo_potamus and others. One small step for Bitcoin  one giant st… https://t.co/kIAkCn6Q77,45
Sun Aug 26 18:32:31 +0000 2018,Eid Mubarak to everyone.   https://t.co/mZhyOfXe7C  #ico #tokensale #crowdsale #fundraising #tokens #airdrop… https://t.co/tQTy0aPrJA,461
Sun Aug 26 18:31:53 +0000 2018,#bitcoin could fall to $3000 before price recovery. Bear market  could last longer.. https://t.co/MvaIzfmxqg,0
Sun Aug 26 18:31:07 +0000 2018,BIP 158 merged! Great work @roasbeef  @stile65  @jimpo_potamus and others. One small step for Bitcoin  one giant st… https://t.co/kIAkCn6Q77,45
Sun Aug 26 18:30:59 +0000 2018,When we all stand together  we become invincible. That's the secret!  #ico #tokensale #crowdsale #fundraising… https://t.co/OuGWurZIIY,350
Sun Aug 26 18:30:56 +0000 2018,Meet Tabyna Khan to discuss eLYQD at the IDEAS conference. Sunday 26th 3:30 PM   #ico #tokensale #crowdsale… https://t.co/0dA9qGNeXc,357
Sun Aug 26 18:30:15 +0000 2018,Meet Tabyna Khan to discuss eLYQD at the IDEAS conference. Sunday 26th 3:30 PM   #ico #tokensale #crowdsale… https://t.co/0dA9qGNeXc,357
Sun Aug 26 18:24:19 +0000 2018,Meet Tabyna Khan to discuss eLYQD at the IDEAS conference. Sunday 26th 3:30 PM   #ico #tokensale #crowdsale… https://t.co/0dA9qGNeXc,357
Sun Aug 26 18:21:57 +0000 2018,Meet Tabyna Khan to discuss eLYQD at the IDEAS conference. Sunday 26th 3:30 PM   #ico #tokensale #crowdsale… https://t.co/0dA9qGNeXc,357
Sun Aug 26 18:18:57 +0000 2018,YES!!!  I found a website dedicated to #Bitcoin in #Polish to help my parents understand it better. 🙌… https://t.co/cWwjMQpjJ6,0
Sun Aug 26 18:14:43 +0000 2018,If the sky is the limit  then lets go there!  https://t.co/aco8kdjPKI  #ico #tokensale #crowdsale #fundraising… https://t.co/A4yfG4wNVz,464
Sun Aug 26 18:14:40 +0000 2018,If the sky is the limit  then lets go there!  https://t.co/aco8kdjPKI  #ico #tokensale #crowdsale #fundraising… https://t.co/A4yfG4wNVz,464
Sun Aug 26 18:14:31 +0000 2018,If the sky is the limit  then lets go there!  https://t.co/aco8kdjPKI  #ico #tokensale #crowdsale #fundraising… https://t.co/A4yfG4wNVz,464
Sun Aug 26 18:13:53 +0000 2018,I liked a @YouTube video https://t.co/TlRbzDTk9W US Dollar Is Dictating Bitcoin (BTC) Price?! - Crypto Trading &amp; Cryptocurrency News,0
Sun Aug 26 18:12:33 +0000 2018,PRIZE POOL HAS BEEN UPDATED! Form: https://t.co/z73KnW2add   https://t.co/g5hzl8KxjR  #ico #tokensale #crowdsale… https://t.co/rii6KfARqu,376
Sun Aug 26 18:12:02 +0000 2018,If the sky is the limit  then lets go there!  https://t.co/aco8kdjPKI  #ico #tokensale #crowdsale #fundraising… https://t.co/A4yfG4wNVz,464
Sun Aug 26 18:11:49 +0000 2018,BIP 158 merged! Great work @roasbeef  @stile65  @jimpo_potamus and others. One small step for Bitcoin  one giant st… https://t.co/kIAkCn6Q77,45
Sun Aug 26 18:11:38 +0000 2018,When we all stand together  we become invincible. That's the secret!  #ico #tokensale #crowdsale #fundraising… https://t.co/OuGWurZIIY,350
Sun Aug 26 18:07:09 +0000 2018,Bitcoin Price Intraday Analysis: BTCUSD Closing Towards $7 000 https://t.co/Ykg4GFlvyo https://t.co/vOhDJG81U6,1
Sun Aug 26 18:06:42 +0000 2018,@YangVentures @karbonbased @im_uname @KyleSGibson @CasPiancey Can’t we wait till Tether collapses and each Bitcoin… https://t.co/THtvu0zDct,0
Sun Aug 26 18:04:34 +0000 2018,#Bitcoin Price Intraday Analysis: $BTC USD Closing Towards $7 000,0
Sun Aug 26 18:02:45 +0000 2018,Meet Tabyna Khan to discuss eLYQD at the IDEAS conference. Sunday 26th 3:30 PM   #ico #tokensale #crowdsale… https://t.co/0dA9qGNeXc,357
Sun Aug 26 18:02:42 +0000 2018,When we all stand together  we become invincible. That's the secret!  #ico #tokensale #crowdsale #fundraising… https://t.co/OuGWurZIIY,350
Sun Aug 26 18:00:21 +0000 2018,BIP 158 merged! Great work @roasbeef  @stile65  @jimpo_potamus and others. One small step for Bitcoin  one giant st… https://t.co/kIAkCn6Q77,45
Sun Aug 26 17:57:53 +0000 2018,PRIZE POOL HAS BEEN UPDATED! Form: https://t.co/z73KnW2add   https://t.co/g5hzl8KxjR  #ico #tokensale #crowdsale… https://t.co/rii6KfARqu,376
Sun Aug 26 17:57:11 +0000 2018,Great work with the conference @DisruptionJoe 👏👏  You &amp; @ChicagoHodl did a great job with the 1st ever… https://t.co/TYl4mhShG9,1
Sun Aug 26 17:56:46 +0000 2018,BIP 158 merged! Great work @roasbeef  @stile65  @jimpo_potamus and others. One small step for Bitcoin  one giant st… https://t.co/kIAkCn6Q77,45
Sun Aug 26 17:54:01 +0000 2018,Meet Tabyna Khan to discuss eLYQD at the IDEAS conference. Sunday 26th 3:30 PM   #ico #tokensale #crowdsale… https://t.co/0dA9qGNeXc,357
Sun Aug 26 17:53:25 +0000 2018,#Bitcoin #Ethereum #Litecoin #OdysseyOCN #Dogecoin #Ripple #Dash #Golem #Cardano #CureCoin #XEM #Monero #Zcash… https://t.co/1npb9lM3hq,0
Sun Aug 26 17:53:20 +0000 2018,When we all stand together  we become invincible. That's the secret!  #ico #tokensale #crowdsale #fundraising… https://t.co/OuGWurZIIY,350
Sun Aug 26 17:50:23 +0000 2018,"The reason I'm interested in Bitcoin is because it eliminates banks... getting rid of these monopolies allows huma… https://t.co/LJZCN54XMl,19
Sun Aug 26 17:49:49 +0000 2018,Why I choose to HODL.. $banca #Banca #HODL #bitcoin #Blockchain https://t.co/rVMyHOluZA,1
Sun Aug 26 17:48:52 +0000 2018,Bitcoin Price Intraday Analysis: BTCUSD Closing Towards $7 000 https://t.co/Ykg4GFlvyo https://t.co/vOhDJG81U6,1
Sun Aug 26 17:48:43 +0000 2018,Meet Tabyna Khan to discuss eLYQD at the IDEAS conference. Sunday 26th 3:30 PM   #ico #tokensale #crowdsale… https://t.co/0dA9qGNeXc,357
Sun Aug 26 17:48:41 +0000 2018,When we all stand together  we become invincible. That's the secret!  #ico #tokensale #crowdsale #fundraising… https://t.co/OuGWurZIIY,350
Sun Aug 26 17:40:07 +0000 2018,Fintech could be bigger than ATMs  PayPal  and Bitcoin combined - https://t.co/7igj6OC1g0 https://t.co/ywN48iTIbr,0
Sun Aug 26 17:38:27 +0000 2018,BIP 158 merged! Great work @roasbeef  @stile65  @jimpo_potamus and others. One small step for Bitcoin  one giant st… https://t.co/kIAkCn6Q77,45
Sun Aug 26 17:36:06 +0000 2018,eLYQD is changing the future of the vaping world!  #ico #tokensale #crowdsale #tokens #airdrop #bounty #investors… https://t.co/MqIeBKTHPB,635
Sun Aug 26 17:35:08 +0000 2018,https://t.co/S2a8l1ye8P,0
Sun Aug 26 17:29:43 +0000 2018,"Filter" #Stickers #cryptocurrency #Crypto #bitcoin #cryptoart https://t.co/lsh95hLOJ0,5
Sun Aug 26 17:29:41 +0000 2018,@realLudvigArt @UniquelyStefan @ToneVays @CryptoMerch_09 @BlockchainVoice @jimmysong @LeahWald @LucidInvestment… https://t.co/WoOPWGNPLL,0
Sun Aug 26 17:26:28 +0000 2018,Meet Tabyna Khan to discuss eLYQD at the IDEAS conference. Sunday 26th 3:30 PM   #ico #tokensale #crowdsale… https://t.co/0dA9qGNeXc,357
Sun Aug 26 17:26:23 +0000 2018,When we all stand together  we become invincible. That's the secret!  #ico #tokensale #crowdsale #fundraising… https://t.co/OuGWurZIIY,350
Sun Aug 26 17:26:12 +0000 2018,@CoinmarketSwot @BrendanEich @brave @Poynter @pewresearch @googlenews @JeffBezos @washingtonpost @nytimes @Bitcoin… https://t.co/BwQDmE0NGO,0
Sun Aug 26 17:25:18 +0000 2018,If the sky is the limit  then lets go there!  https://t.co/aco8kdjPKI  #ico #tokensale #crowdsale #fundraising… https://t.co/A4yfG4wNVz,464
Sun Aug 26 17:23:52 +0000 2018,When we all stand together  we become invincible. That's the secret!  #ico #tokensale #crowdsale #fundraising… https://t.co/OuGWurZIIY,350
Sun Aug 26 17:22:00 +0000 2018,"The reason I'm interested in Bitcoin is because it eliminates banks... getting rid of these monopolies allows huma… https://t.co/LJZCN54XMl,19
Sun Aug 26 17:21:54 +0000 2018,When we all stand together  we become invincible. That's the secret!  #ico #tokensale #crowdsale #fundraising… https://t.co/OuGWurZIIY,350
Sun Aug 26 17:20:36 +0000 2018,AMA's don't have to be boring! Let's all get together and have a very positive fun time!   https://t.co/g5hzl8KxjR… https://t.co/CAvi9rzAvm,244
Sun Aug 26 17:13:49 +0000 2018,When we all stand together  we become invincible. That's the secret!  #ico #tokensale #crowdsale #fundraising… https://t.co/OuGWurZIIY,350
Sun Aug 26 17:12:55 +0000 2018,BIP 158 merged! Great work @roasbeef  @stile65  @jimpo_potamus and others. One small step for Bitcoin  one giant st… https://t.co/kIAkCn6Q77,45
Sun Aug 26 17:10:36 +0000 2018,BIP 158 merged! Great work @roasbeef  @stile65  @jimpo_potamus and others. One small step for Bitcoin  one giant st… https://t.co/kIAkCn6Q77,45
Sun Aug 26 17:04:26 +0000 2018,Meet Tabyna Khan to discuss eLYQD at the IDEAS conference. Sunday 26th 3:30 PM   #ico #tokensale #crowdsale… https://t.co/0dA9qGNeXc,357
Sun Aug 26 17:04:09 +0000 2018,"Filter" #Stickers #cryptocurrency #Crypto #bitcoin #cryptoart https://t.co/lsh95hLOJ0,5
Sun Aug 26 16:59:46 +0000 2018,BIP 158 merged! Great work @roasbeef  @stile65  @jimpo_potamus and others. One small step for Bitcoin  one giant st… https://t.co/kIAkCn6Q77,45
Sun Aug 26 16:57:41 +0000 2018,When we all stand together  we become invincible. That's the secret!  #ico #tokensale #crowdsale #fundraising… https://t.co/OuGWurZIIY,350
Sun Aug 26 16:53:30 +0000 2018,AMA's don't have to be boring! Let's all get together and have a very positive fun time!   https://t.co/g5hzl8KxjR… https://t.co/CAvi9rzAvm,244
Sun Aug 26 16:53:25 +0000 2018,AMA's don't have to be boring! Let's all get together and have a very positive fun time!   https://t.co/g5hzl8KxjR… https://t.co/CAvi9rzAvm,244
Sun Aug 26 16:53:19 +0000 2018,AMA's don't have to be boring! Let's all get together and have a very positive fun time!   https://t.co/g5hzl8KxjR… https://t.co/CAvi9rzAvm,244
Sun Aug 26 16:53:13 +0000 2018,AMA's don't have to be boring! Let's all get together and have a very positive fun time!   https://t.co/g5hzl8KxjR… https://t.co/CAvi9rzAvm,244
Sun Aug 26 16:48:21 +0000 2018,Meet Tabyna Khan to discuss eLYQD at the IDEAS conference. Sunday 26th 3:30 PM   #ico #tokensale #crowdsale… https://t.co/0dA9qGNeXc,357
Sun Aug 26 16:48:17 +0000 2018,When we all stand together  we become invincible. That's the secret!  #ico #tokensale #crowdsale #fundraising… https://t.co/OuGWurZIIY,350
Sun Aug 26 16:47:29 +0000 2018,BIP 158 merged! Great work @roasbeef  @stile65  @jimpo_potamus and others. One small step for Bitcoin  one giant st… https://t.co/kIAkCn6Q77,45
Sun Aug 26 16:47:23 +0000 2018,#Bitcoin #Ethereum #Litecoin #OdysseyOCN #Dogecoin #Ripple #Dash #Golem #Cardano #CureCoin #XEM #Monero #Zcash… https://t.co/U03e3ppNmM,0
Sun Aug 26 16:42:06 +0000 2018,BIP 158 merged! Great work @roasbeef  @stile65  @jimpo_potamus and others. One small step for Bitcoin  one giant st… https://t.co/kIAkCn6Q77,45
Sun Aug 26 16:39:08 +0000 2018,BIP 158 merged! Great work @roasbeef  @stile65  @jimpo_potamus and others. One small step for Bitcoin  one giant st… https://t.co/kIAkCn6Q77,45
Sun Aug 26 16:34:24 +0000 2018,BIP 158 merged! Great work @roasbeef  @stile65  @jimpo_potamus and others. One small step for Bitcoin  one giant st… https://t.co/kIAkCn6Q77,45
Sun Aug 26 16:32:43 +0000 2018,@csuwildcat @Bitcoin_org_ @CatoInstitute @NickSzabo4 Capitalism only works when there is a system in place that pro… https://t.co/fYE2kJxZMx,0
Sun Aug 26 16:30:22 +0000 2018,Meet Tabyna Khan to discuss eLYQD at the IDEAS conference. Sunday 26th 3:30 PM   #ico #tokensale #crowdsale… https://t.co/0dA9qGNeXc,357
Sun Aug 26 16:28:48 +0000 2018,When we all stand together  we become invincible. That's the secret!  #ico #tokensale #crowdsale #fundraising… https://t.co/OuGWurZIIY,350
Sun Aug 26 16:28:45 +0000 2018,As much as I think pure libertarianism and anarchism are naive in the real world  bitcoin’s pure self-sovereign ana… https://t.co/U8KpeDMuLp,1
Sun Aug 26 16:22:31 +0000 2018,Bought 1 500 bitcoin in 2011 for $2.87 each. I will pick 5 random people who retweet this and give one to each of y… https://t.co/y9uoZHwrxB,193689
Sun Aug 26 16:22:05 +0000 2018,Reddit Co-Founder is Optimistic Despite Bitcoin Volatility - https://t.co/lgIXhEJk0O https://t.co/cKdxdLmALo,1
Sun Aug 26 16:18:45 +0000 2018,BIP 158 merged! Great work @roasbeef  @stile65  @jimpo_potamus and others. One small step for Bitcoin  one giant st… https://t.co/kIAkCn6Q77,45
Sun Aug 26 16:18:03 +0000 2018,4-HR chart has not looked this rough in a long time. Just Sayin'  $btc #bitcoin #ohshit,1
Sun Aug 26 16:16:16 +0000 2018,When we all stand together  we become invincible. That's the secret!  #ico #tokensale #crowdsale #fundraising… https://t.co/OuGWurZIIY,350
Sun Aug 26 16:15:56 +0000 2018,4-HR chart has not looked this rough in a long time. Just Sayin'  $btc #bitcoin #ohshit,1
Sun Aug 26 16:15:42 +0000 2018,BIP 158 merged! Great work @roasbeef  @stile65  @jimpo_potamus and others. One small step for Bitcoin  one giant st… https://t.co/kIAkCn6Q77,45
Sun Aug 26 16:12:27 +0000 2018,BIP 158 merged! Great work @roasbeef  @stile65  @jimpo_potamus and others. One small step for Bitcoin  one giant st… https://t.co/kIAkCn6Q77,45
Sun Aug 26 16:11:09 +0000 2018,Meet Tabyna Khan to discuss eLYQD at the IDEAS conference. Sunday 26th 3:30 PM   #ico #tokensale #crowdsale… https://t.co/0dA9qGNeXc,357
Sun Aug 26 16:11:06 +0000 2018,When we all stand together  we become invincible. That's the secret!  #ico #tokensale #crowdsale #fundraising… https://t.co/OuGWurZIIY,350
Sun Aug 26 16:10:41 +0000 2018,BIP 158 merged! Great work @roasbeef  @stile65  @jimpo_potamus and others. One small step for Bitcoin  one giant st… https://t.co/kIAkCn6Q77,45
Sun Aug 26 16:10:25 +0000 2018,Instant BLOCK  Anyone contacting you and promising large returns is a fraud  #crypto #bitcoin https://t.co/wdn991pbzz,0
Sun Aug 26 16:10:12 +0000 2018,AMA's don't have to be boring! Let's all get together and have a very positive fun time!   https://t.co/g5hzl8KxjR… https://t.co/CAvi9rzAvm,244
Sun Aug 26 16:08:05 +0000 2018,BIP 158 merged! Great work @roasbeef  @stile65  @jimpo_potamus and others. One small step for Bitcoin  one giant st… https://t.co/kIAkCn6Q77,45
Sun Aug 26 16:08:04 +0000 2018,BIP 158 merged! Great work @roasbeef  @stile65  @jimpo_potamus and others. One small step for Bitcoin  one giant st… https://t.co/kIAkCn6Q77,45
Sun Aug 26 16:06:57 +0000 2018,BIP 158 merged! Great work @roasbeef  @stile65  @jimpo_potamus and others. One small step for Bitcoin  one giant st… https://t.co/kIAkCn6Q77,45
Sun Aug 26 16:03:44 +0000 2018,Eid Mubarak to everyone.   https://t.co/mZhyOfXe7C  #ico #tokensale #crowdsale #fundraising #tokens #airdrop… https://t.co/tQTy0aPrJA,461
Sun Aug 26 16:03:41 +0000 2018,If the sky is the limit  then lets go there!  https://t.co/aco8kdjPKI  #ico #tokensale #crowdsale #fundraising… https://t.co/A4yfG4wNVz,464
Sun Aug 26 16:01:38 +0000 2018,"Filter" #Stickers #cryptocurrency #Crypto #bitcoin #cryptoart https://t.co/lsh95hLOJ0,5
Sun Aug 26 16:01:16 +0000 2018,BIP 158 merged! Great work @roasbeef  @stile65  @jimpo_potamus and others. One small step for Bitcoin  one giant st… https://t.co/kIAkCn6Q77,45
Sun Aug 26 16:00:28 +0000 2018,Fact:  A Russian bank paid Bill Clinton a $500 000 speaking fee on June 29  2010 for a 30 minute speech while Hilla… https://t.co/ntPKiSnmMs,14034
Sun Aug 26 16:00:17 +0000 2018,BIP 158 merged! Great work @roasbeef  @stile65  @jimpo_potamus and others. One small step for Bitcoin  one giant st… https://t.co/kIAkCn6Q77,45
Sun Aug 26 16:00:12 +0000 2018,Senator John McCain DID NOT DIE..According to Bitcoin Ben https://t.co/OQOHo3TTgW https://t.co/heSGiQtq2a,0
Sun Aug 26 16:00:05 +0000 2018,BIP 158 merged! Great work @roasbeef  @stile65  @jimpo_potamus and others. One small step for Bitcoin  one giant st… https://t.co/kIAkCn6Q77,45
Sun Aug 26 15:59:53 +0000 2018,PRIZE POOL HAS BEEN UPDATED! Form: https://t.co/z73KnW2add   https://t.co/g5hzl8KxjR  #ico #tokensale #crowdsale… https://t.co/rii6KfARqu,376
Sun Aug 26 15:59:52 +0000 2018,When we all stand together  we become invincible. That's the secret!  #ico #tokensale #crowdsale #fundraising… https://t.co/OuGWurZIIY,350
Sun Aug 26 15:58:25 +0000 2018,BIP 158 merged! Great work @roasbeef  @stile65  @jimpo_potamus and others. One small step for Bitcoin  one giant st… https://t.co/kIAkCn6Q77,45
Sun Aug 26 15:56:48 +0000 2018,BIP 158 merged! Great work @roasbeef  @stile65  @jimpo_potamus and others. One small step for Bitcoin  one giant st… https://t.co/kIAkCn6Q77,45
Sun Aug 26 15:56:45 +0000 2018,BIP 158 merged! Great work @roasbeef  @stile65  @jimpo_potamus and others. One small step for Bitcoin  one giant st… https://t.co/kIAkCn6Q77,45
Sun Aug 26 15:56:33 +0000 2018,BIP 158 merged! Great work @roasbeef  @stile65  @jimpo_potamus and others. One small step for Bitcoin  one giant st… https://t.co/kIAkCn6Q77,45
Sun Aug 26 15:53:00 +0000 2018,AMA's don't have to be boring! Let's all get together and have a very positive fun time!   https://t.co/g5hzl8KxjR… https://t.co/CAvi9rzAvm,244
Sun Aug 26 15:52:54 +0000 2018,PRIZE POOL HAS BEEN UPDATED! Form: https://t.co/z73KnW2add   https://t.co/g5hzl8KxjR  #ico #tokensale #crowdsale… https://t.co/rii6KfARqu,376
Sun Aug 26 15:51:56 +0000 2018,Meet Tabyna Khan to discuss eLYQD at the IDEAS conference. Sunday 26th 3:30 PM   #ico #tokensale #crowdsale… https://t.co/0dA9qGNeXc,357
Sun Aug 26 15:51:12 +0000 2018,BIP 158 merged! Great work @roasbeef  @stile65  @jimpo_potamus and others. One small step for Bitcoin  one giant st… https://t.co/kIAkCn6Q77,45
Sun Aug 26 15:45:56 +0000 2018,#Bitcoin #Ethereum #Litecoin #OdysseyOCN #Dogecoin #Ripple #Dash #Golem #Cardano #CureCoin #XEM #Monero #Zcash… https://t.co/GemaBf44S6,0
Sun Aug 26 15:45:11 +0000 2018,BIP 158 merged! Great work @roasbeef  @stile65  @jimpo_potamus and others. One small step for Bitcoin  one giant st… https://t.co/kIAkCn6Q77,45
Sun Aug 26 15:44:30 +0000 2018,[NEW POST]: Despite Bitcoin Price Slump  Alexis Ohanian Reddit Co-Founder Bullish on Bitcoin +… https://t.co/cRNVENHScy,0
Sun Aug 26 15:43:52 +0000 2018,Meet Tabyna Khan to discuss eLYQD at the IDEAS conference. Sunday 26th 3:30 PM   #ico #tokensale #crowdsale… https://t.co/0dA9qGNeXc,357
Sun Aug 26 15:43:48 +0000 2018,When we all stand together  we become invincible. That's the secret!  #ico #tokensale #crowdsale #fundraising… https://t.co/OuGWurZIIY,350
Sun Aug 26 15:43:11 +0000 2018,BIP 158 merged! Great work @roasbeef  @stile65  @jimpo_potamus and others. One small step for Bitcoin  one giant st… https://t.co/kIAkCn6Q77,45
Sun Aug 26 15:42:40 +0000 2018,Go Ahead! Snap Away Your FUN'tastic Selfies &amp; WIN Prizes Every Week!  Entry Form: https://t.co/z73KnW2add… https://t.co/Np6NJvMgtA,513
Sun Aug 26 15:38:21 +0000 2018,BIP 158 merged! Great work @roasbeef  @stile65  @jimpo_potamus and others. One small step for Bitcoin  one giant st… https://t.co/kIAkCn6Q77,45
Sun Aug 26 15:37:37 +0000 2018,BIP 158 merged! Great work @roasbeef  @stile65  @jimpo_potamus and others. One small step for Bitcoin  one giant st… https://t.co/kIAkCn6Q77,45
Sun Aug 26 15:37:32 +0000 2018,BIP 158 merged! Great work @roasbeef  @stile65  @jimpo_potamus and others. One small step for Bitcoin  one giant st… https://t.co/kIAkCn6Q77,45
Sun Aug 26 15:37:21 +0000 2018,BIP 158 merged! Great work @roasbeef  @stile65  @jimpo_potamus and others. One small step for Bitcoin  one giant st… https://t.co/kIAkCn6Q77,45
Sun Aug 26 15:36:56 +0000 2018,BIP 158 merged! Great work @roasbeef  @stile65  @jimpo_potamus and others. One small step for Bitcoin  one giant st… https://t.co/kIAkCn6Q77,45
Sun Aug 26 15:34:03 +0000 2018,Who Needs a Bitcoin ETF? Crypto Scoffs at SEC Rejections https://t.co/lhb4WTchvr https://t.co/xxz6yBN7hV,0
Sun Aug 26 15:33:12 +0000 2018,When we all stand together  we become invincible. That's the secret!  #ico #tokensale #crowdsale #fundraising… https://t.co/OuGWurZIIY,350
Sun Aug 26 15:31:10 +0000 2018,[NEW POST]: Who Needs a Bitcoin ETF? Crypto Scoffs at SEC Rejections + https://t.co/efTHb2RR3Q #cryptocurrency #crypto,0
Sun Aug 26 15:26:05 +0000 2018,Meet Tabyna Khan to discuss eLYQD at the IDEAS conference. Sunday 26th 3:30 PM   #ico #tokensale #crowdsale… https://t.co/0dA9qGNeXc,357
Sun Aug 26 15:26:02 +0000 2018,When we all stand together  we become invincible. That's the secret!  #ico #tokensale #crowdsale #fundraising… https://t.co/OuGWurZIIY,350
Sun Aug 26 15:25:36 +0000 2018,The end of the nation-state is already here  and Trump didn't cause it. Read more: @bcenkus https://t.co/JXgalrlKqr,0
Sun Aug 26 15:24:24 +0000 2018,When we all stand together  we become invincible. That's the secret!  #ico #tokensale #crowdsale #fundraising… https://t.co/OuGWurZIIY,350
Sun Aug 26 15:11:24 +0000 2018,Eid Mubarak to everyone.   https://t.co/mZhyOfXe7C  #ico #tokensale #crowdsale #fundraising #tokens #airdrop… https://t.co/tQTy0aPrJA,461
Sun Aug 26 15:07:23 +0000 2018,If the sky is the limit  then lets go there!  https://t.co/aco8kdjPKI  #ico #tokensale #crowdsale #fundraising… https://t.co/A4yfG4wNVz,464
Sun Aug 26 15:06:37 +0000 2018,If the sky is the limit  then lets go there!  https://t.co/aco8kdjPKI  #ico #tokensale #crowdsale #fundraising… https://t.co/A4yfG4wNVz,464
