Tue Mar 06 21:53:06 +0000 2018,The SEC Just Happened To Pick A Subpoena With https://t.co/4mFnpcKSPd’s ICO’s Name On It Out Of A Hat… https://t.co/nrjYDXcAO2,0
Tue Mar 06 21:01:01 +0000 2018,MIGS Is Another Honest Ponzi-Style Ethereum ICO - Over the past few months  we have seen quite a few interesting IC… https://t.co/fbQvK8Fthn,0
Tue Mar 06 20:57:12 +0000 2018,#Bankera #Bitcoin #bitcoin #BTC #Crypto #cryptocurrency #ICO #investment #investing #money The Bankera (BNK) ICO ha… https://t.co/6MRSynaXM2,0
Tue Mar 06 18:51:56 +0000 2018,If you don't think major players are watching closely  then you may need to learn a bit about this project.  Don't… https://t.co/EgINdenoqK,1
Tue Mar 06 18:34:48 +0000 2018,@howardlindzon Bad timing. You know everyone is going to be saving their cash for the much awaited ICO coming from… https://t.co/lWC7h11mt0,0
Tue Mar 06 17:49:03 +0000 2018,Issuing an ICO? Don't Skip This Step  Says the SEC https://t.co/K2GQsjtYfk https://t.co/1hiUoeyZT3,0
Tue Mar 06 15:28:01 +0000 2018,If you don't think major players are watching closely  then you may need to learn a bit about this project.  Don't… https://t.co/EgINdenoqK,1
Tue Mar 06 15:11:13 +0000 2018,LeadCoin ICO Secures $50 million Funding In Less Than 30 Minutes https://t.co/ygICAgz2Vo https://t.co/glhBWhx1hc,0
Tue Mar 06 15:01:04 +0000 2018,https://t.co/jY19ADVEZ5 Casino launched its Pre-ICO and offers 79% discount for a very limited time! - Today  March… https://t.co/dMEas25vj6,0
Tue Mar 06 12:17:01 +0000 2018,Medicalchain Strikes Big Partnership  Will Release 30 000 Patient Pilot - Medicalchain just announced some big news… https://t.co/bPfoy2ZnEi,0
Tue Mar 06 07:26:23 +0000 2018,FredVerin: RT @CVproofdotcom: CVProof Founders Intterview https://t.co/esiXhajRYG @CVPROOFproject #CVPROOF #TokenSale #AI #ICO,0
Tue Mar 06 07:04:42 +0000 2018,[FR][ICO REVIEW#2] #BELUGAPAY + CONCOURS https://t.co/thfOWtLKnr,0
Tue Mar 06 03:45:13 +0000 2018,Just shared a tweet using the phrase "cryptocurrency ICO" - let's see what happens next.,0
Tue Mar 06 03:44:13 +0000 2018,@hondanhon Cryptocurrency ICO,0
Tue Mar 06 01:25:38 +0000 2018,There's more to this project than just a platform and a token.  I've never encountered a friendlier  more helpful t… https://t.co/N3SUKWKCwt,1
Tue Mar 06 01:19:39 +0000 2018,There's more to this project than just a platform and a token.  I've never encountered a friendlier  more helpful t… https://t.co/N3SUKWKCwt,1
