Mon Apr 16 22:35:05 +0000 2018,Fry Egg appears on @WGAL #tokensale #ico #fryegg https://t.co/17vjizQ4VE,406
Mon Apr 16 21:59:57 +0000 2018,Fry Egg appears on @WGAL #tokensale #ico #fryegg https://t.co/17vjizQ4VE,406
Mon Apr 16 20:36:11 +0000 2018,Fry Egg appears on @WGAL #tokensale #ico #fryegg https://t.co/17vjizQ4VE,406
Mon Apr 16 20:36:00 +0000 2018,EGGDR🥚P! Join telegram now to participate!! #airdrop #ico #tokensale #fryegg https://t.co/brfvxY4JY9,627
Mon Apr 16 19:41:18 +0000 2018,We have officially hit 1000 Telegram users! Join the conversation at https://t.co/nU2a1boj8h #ico #cryptocurrency… https://t.co/9DN5P5qK93,610
Mon Apr 16 18:16:12 +0000 2018,@TorresLuzardo @jongos Just ICO! It's like printing money!,0
Mon Apr 16 18:11:48 +0000 2018,Fry Egg appears on @WGAL #tokensale #ico #fryegg https://t.co/17vjizQ4VE,406
Mon Apr 16 17:47:56 +0000 2018,We have some exciting new developments being announced in the coming weeks. Stay tuned! #ico #tokensale #fryegg,430
Mon Apr 16 17:47:38 +0000 2018,Fry Egg appears on @WGAL #tokensale #ico #fryegg https://t.co/17vjizQ4VE,406
Mon Apr 16 16:43:00 +0000 2018,Fry Egg appears on @WGAL #tokensale #ico #fryegg https://t.co/17vjizQ4VE,406
Mon Apr 16 16:36:36 +0000 2018,@TaylorLorenz so basically you're saying your friends the paul brothers are dropping an ICO in a matter of days,0
Mon Apr 16 16:07:51 +0000 2018,EGGDR🥚P! Join telegram now to participate!! #airdrop #ico #tokensale #fryegg https://t.co/brfvxY4JY9,627
Mon Apr 16 16:02:24 +0000 2018,Fry Egg appears on @WGAL #tokensale #ico #fryegg https://t.co/17vjizQ4VE,406
Mon Apr 16 15:27:14 +0000 2018,Our CEO Tristan Chaudhry will be presenting at @keynote_ae in Dubai April 16! Be sure to visit our COO Kyle Sonlin… https://t.co/UOr5J78OFk,524
Mon Apr 16 15:22:39 +0000 2018,@AutonoFinTech newsletter claims that in 2018 Q1 there were $6B in ICO investments  about 50% of total IPO take in… https://t.co/LhPUao8KQI,0
Mon Apr 16 15:14:35 +0000 2018,Fry Egg appears on @WGAL #tokensale #ico #fryegg https://t.co/17vjizQ4VE,406
Mon Apr 16 15:14:09 +0000 2018,Fry Egg appears on @WGAL #tokensale #ico #fryegg https://t.co/17vjizQ4VE,406
Mon Apr 16 15:00:14 +0000 2018,Fry Egg COO @KyleSonlin attends the World Blockchain Forum in Dubai https://t.co/qMq4tbJLkp,120
Mon Apr 16 14:55:29 +0000 2018,Fry Egg appears on @WGAL #tokensale #ico #fryegg https://t.co/17vjizQ4VE,406
Mon Apr 16 14:48:43 +0000 2018,EGG tokens are backed by real data from real clients around the world. Our client data can only increase in size an… https://t.co/cbzZmFLbdr,360
Mon Apr 16 14:40:19 +0000 2018,Fry Egg appears on @WGAL #tokensale #ico #fryegg https://t.co/17vjizQ4VE,406
Mon Apr 16 14:37:01 +0000 2018,Fry Egg appears on @WGAL #tokensale #ico #fryegg https://t.co/17vjizQ4VE,406
Mon Apr 16 14:27:42 +0000 2018,Fry Egg appears on @WGAL #tokensale #ico #fryegg https://t.co/17vjizQ4VE,406
Mon Apr 16 14:25:12 +0000 2018,@timothyzekic @Crypokid @crypto_rand @TE_FOOD Agree with @KipKoolCrypto.  They're already an established company wo… https://t.co/kKEosCulQy,0
Mon Apr 16 14:10:28 +0000 2018,EGGDR🥚P! Join telegram now to participate!! #airdrop #ico #tokensale #fryegg https://t.co/brfvxY4JY9,627
Mon Apr 16 14:09:20 +0000 2018,EGGDR🥚P! Join telegram now to participate!! #airdrop #ico #tokensale #fryegg https://t.co/brfvxY4JY9,627
Mon Apr 16 13:14:39 +0000 2018,Fry Egg appears on @WGAL #tokensale #ico #fryegg https://t.co/17vjizQ4VE,406
Mon Apr 16 13:14:06 +0000 2018,Can’t change the world until you change yourself.  #WorldBlockchainForum #Dubai #Crypto #Ico https://t.co/u3wCJ07VKH,0
Mon Apr 16 11:51:09 +0000 2018,EGGDR🥚P! Join telegram now to participate!! #airdrop #ico #tokensale #fryegg https://t.co/brfvxY4JY9,627
Mon Apr 16 11:48:37 +0000 2018,Fry Egg appears on @WGAL #tokensale #ico #fryegg https://t.co/17vjizQ4VE,406
Mon Apr 16 10:58:30 +0000 2018,Stish Sales Climbing And The Pre-ICO Is Coming To An End Soon! https://t.co/ONusbGUvTG,0
Mon Apr 16 10:54:17 +0000 2018,Fry Egg appears on @WGAL #tokensale #ico #fryegg https://t.co/17vjizQ4VE,406
Mon Apr 16 10:48:51 +0000 2018,EGGDR🥚P! Join telegram now to participate!! #airdrop #ico #tokensale #fryegg https://t.co/brfvxY4JY9,627
Mon Apr 16 10:27:24 +0000 2018,Really useful advice for #entrepreneurs considering an ICO  from @ccatalini  https://t.co/LrB6zEhOXW,2
Mon Apr 16 09:32:29 +0000 2018,EGGDR🥚P! Join telegram now to participate!! #airdrop #ico #tokensale #fryegg https://t.co/brfvxY4JY9,627
Mon Apr 16 09:31:49 +0000 2018,EGG tokens are backed by real data from real clients around the world. Our client data can only increase in size an… https://t.co/cbzZmFLbdr,360
Mon Apr 16 07:05:50 +0000 2018,EGGDR🥚P! Join telegram now to participate!! #airdrop #ico #tokensale #fryegg https://t.co/brfvxY4JY9,627
Mon Apr 16 07:05:28 +0000 2018,Fry Egg appears on @WGAL #tokensale #ico #fryegg https://t.co/17vjizQ4VE,406
Mon Apr 16 06:59:06 +0000 2018,Fry Egg appears on @WGAL #tokensale #ico #fryegg https://t.co/17vjizQ4VE,406
Mon Apr 16 06:03:07 +0000 2018,Fry Egg appears on @WGAL #tokensale #ico #fryegg https://t.co/17vjizQ4VE,406
Mon Apr 16 06:02:04 +0000 2018,EGG tokens are backed by real data from real clients around the world. Our client data can only increase in size an… https://t.co/cbzZmFLbdr,360
Mon Apr 16 05:59:15 +0000 2018,Fry Egg appears on @WGAL #tokensale #ico #fryegg https://t.co/17vjizQ4VE,406
Mon Apr 16 04:25:04 +0000 2018,We have officially hit 1000 Telegram users! Join the conversation at https://t.co/nU2a1boj8h #ico #cryptocurrency… https://t.co/9DN5P5qK93,610
Mon Apr 16 04:07:50 +0000 2018,We have some exciting new developments being announced in the coming weeks. Stay tuned! #ico #tokensale #fryegg,430
Mon Apr 16 04:07:47 +0000 2018,Many ICOs and Token Sales are all hype  have no real product already built  and have no long-term use case. Fry Egg… https://t.co/TWvlkrYmy4,376
Mon Apr 16 04:07:43 +0000 2018,EGG tokens are backed by real data from real clients around the world. Our client data can only increase in size an… https://t.co/cbzZmFLbdr,360
Mon Apr 16 04:03:14 +0000 2018,Fry Egg appears on @WGAL #tokensale #ico #fryegg https://t.co/17vjizQ4VE,406
Mon Apr 16 03:26:56 +0000 2018,Fry Egg appears on @WGAL #tokensale #ico #fryegg https://t.co/17vjizQ4VE,406
Mon Apr 16 02:13:33 +0000 2018,BITRACE ICO Live!   Amount raised: $ 1 822 144 USD  Buy your BITRACE tokens now: https://t.co/1RYqGE9OXT… https://t.co/TQNl36ygWp,0
Mon Apr 16 02:07:21 +0000 2018,Fry Egg appears on @WGAL #tokensale #ico #fryegg https://t.co/17vjizQ4VE,406
Mon Apr 16 02:04:27 +0000 2018,EGG tokens are backed by real data from real clients around the world. Our client data can only increase in size an… https://t.co/cbzZmFLbdr,360
Mon Apr 16 01:18:56 +0000 2018,🔮Tell me  Magic Ball  will #TheAbyss Token Sale (#DAICO) go live tomorrow  Apr 16  2018 (14:00 UTC)?  #Blockchain… https://t.co/6xUx7aatSP,0
