Fri Mar 09 17:46:32 +0000 2018,#blockchain #crypto Coinbase Drawing Fire From All Sides: What’s Going on at US’s Biggest Exchange?… https://t.co/O9EnOMmGlJ,2
Fri Mar 09 17:31:09 +0000 2018,#blockchain #crypto Coinbase Drawing Fire From All Sides: What’s Going on at US’s Biggest Exchange?… https://t.co/O9EnOMmGlJ,2
Fri Mar 09 17:31:07 +0000 2018,#blockchain #crypto Coinbase Drawing Fire From All Sides: What’s Going on at US’s Biggest Exchange?… https://t.co/O9EnOMmGlJ,2
Fri Mar 09 09:18:44 +0000 2018,@wizzurd #bitcoin #ethereum #blockchain #ico #btc #eth $btc $eth #itc #xbt #xrp #xmr #xlm #tron #neo #trx #zcash… https://t.co/fh6DX0xviF,1
Fri Mar 09 08:15:48 +0000 2018,Hate to report this. Thnx @PeterLBrandt @wizzurd #bitcoin #ethereum #blockchain #ico #btc #eth $btc $eth #itc #xbt… https://t.co/GAxzXoPnr8,0
Fri Mar 09 03:46:08 +0000 2018,#blockchain #crypto  Circle’s Coinbase-Like Cryptocurrency Investing App Enters Closed Beta https://t.co/rfUAicgvn5… https://t.co/G77mHS7nUU,0
Fri Mar 09 03:19:00 +0000 2018,My Cryptocurrency List of Popular Altcoins #bitcoin #altcoin #Coinbase https://t.co/tIUqFV2f22,1
Fri Mar 09 02:36:14 +0000 2018,25 Notable Cryptocurrencies @wizzurd #bitcoin #ethereum #blockchain #ico #btc #eth $btc $eth #itc #xbt #xrp #xmr… https://t.co/05KBIExLwT,0
