Mon Jul 16 22:25:30 +0000 2018,@funkeemonk1 Man we gotta wait and pray for a dip. This one has been stronger than #bitcoin and #Eth in its resilie… https://t.co/TH9Ugabflw,0
Mon Jul 16 22:20:51 +0000 2018,The Helix3 Digital Twin Health Profile (blockchain + IoT) #blockchain #IoT #health #medical #fitness #challenge… https://t.co/swNKe7FxQt,2
Mon Jul 16 22:10:20 +0000 2018,@BotBroker WTB cyber  kick  eve  dashe  with discord only. got paypal and bitcoin ready,0
Mon Jul 16 21:51:32 +0000 2018,There is a legit Bitcoin STORE in Vienna @HouseOfNakamoto https://t.co/DXhYgkIT3x,13
Mon Jul 16 21:51:22 +0000 2018,@naval @jeremyrwelch @TheFlamcake @balajis @udiWertheimer if Bitcoin is a public good the free riders are those who… https://t.co/efKRTrRi9w,31
Mon Jul 16 21:46:06 +0000 2018,@Bitcoin_Friend I feel like I’ve been waiting for IOS mobile wallet for years  but then I realized that I’ve only b… https://t.co/7k8e0Lv5Um,0
Mon Jul 16 21:31:25 +0000 2018,👏 Bitcoin 👏 isn't 👏 a 👏 tech 👏 startup 👏,18
Mon Jul 16 21:29:17 +0000 2018,New Bitcoin Scam Claims to Expose Your Porn Watching Habits https://t.co/KuaJMMeMWh,0
Mon Jul 16 21:10:00 +0000 2018,$STRAT primed to take off here this week. Nice double bottom  bull div  and inverse C-Clamp on the 1D. Nearing the… https://t.co/MMoiDcvpE1,2
Mon Jul 16 21:09:01 +0000 2018,👏 Bitcoin 👏 isn't 👏 a 👏 tech 👏 startup 👏,18
Mon Jul 16 20:47:27 +0000 2018,#BlackRock has reportedly set up a group to explore the #Crypto landscape and #Bitcoin futures... via @craig_a_russo https://t.co/zX2oU85wDA,6
Mon Jul 16 20:47:02 +0000 2018,#BlackRock has reportedly set up a group to explore the #Crypto landscape and #Bitcoin futures... via @craig_a_russo https://t.co/zX2oU85wDA,6
Mon Jul 16 20:46:24 +0000 2018,#BlackRock has reportedly set up a group to explore the #Crypto landscape and #Bitcoin futures... via @craig_a_russo https://t.co/zX2oU85wDA,6
Mon Jul 16 20:46:05 +0000 2018,#BlackRock has reportedly set up a group to explore the #Crypto landscape and #Bitcoin futures... via @craig_a_russo https://t.co/zX2oU85wDA,6
Mon Jul 16 20:45:14 +0000 2018,#BlackRock has reportedly set up a group to explore the #Crypto landscape and #Bitcoin futures... via @craig_a_russo https://t.co/zX2oU85wDA,6
Mon Jul 16 20:45:03 +0000 2018,Awesome post by @xoelipedes rigorously computing the relative performance of crypto indexes versus Bitcoin   https://t.co/O9pnRsMg6Y,23
Mon Jul 16 20:43:57 +0000 2018,Bitcoin killin it! Omg.,0
Mon Jul 16 20:39:28 +0000 2018,👏 Bitcoin 👏 isn't 👏 a 👏 tech 👏 startup 👏,18
Mon Jul 16 20:35:17 +0000 2018,@BenDiFrancesco @naval @jeremyrwelch @TheFlamcake @balajis @udiWertheimer the fact that some devs can't figure out… https://t.co/qL4MNN0n0c,4
Mon Jul 16 20:28:47 +0000 2018,@BenDiFrancesco @naval @jeremyrwelch @TheFlamcake @balajis @udiWertheimer the fact that some devs can't figure out… https://t.co/qL4MNN0n0c,4
Mon Jul 16 20:25:17 +0000 2018,"FIRST 3 SEATS FREE" Online Instructor Led Live Pre-Level 1 #Certification Classes!   This class is an introduction… https://t.co/mwqzTdCNX7,1
Mon Jul 16 20:25:14 +0000 2018,@BenDiFrancesco @naval @jeremyrwelch @TheFlamcake @balajis @udiWertheimer the fact that some devs can't figure out… https://t.co/qL4MNN0n0c,4
Mon Jul 16 20:25:13 +0000 2018,@BenDiFrancesco @naval @jeremyrwelch @TheFlamcake @balajis @udiWertheimer the fact that some devs can't figure out… https://t.co/qL4MNN0n0c,4
Mon Jul 16 20:24:27 +0000 2018,👏 Bitcoin 👏 isn't 👏 a 👏 tech 👏 startup 👏,18
Mon Jul 16 20:23:36 +0000 2018,👏 Bitcoin 👏 isn't 👏 a 👏 tech 👏 startup 👏,18
Mon Jul 16 20:19:44 +0000 2018,Six months after its chief executive lambasted bitcoin  it now seems like BlackRock is changing their tune.… https://t.co/q3B59JtlBO,4
Mon Jul 16 20:17:35 +0000 2018,@BenDiFrancesco @naval @jeremyrwelch @TheFlamcake @balajis @udiWertheimer the fact that some devs can't figure out… https://t.co/qL4MNN0n0c,4
Mon Jul 16 20:16:40 +0000 2018,@BenDiFrancesco @naval @jeremyrwelch @TheFlamcake @balajis @udiWertheimer the problem of developers not allocating… https://t.co/Rm1v2cjeoN,0
Mon Jul 16 20:06:19 +0000 2018,BITCOIN June 6 Cycle and RISING wedge BEAR!  Hi there! it seems to be a cycle that is happening every month form th… https://t.co/lsYRD4x65G,23
Mon Jul 16 20:02:39 +0000 2018,I hope one day I can buy myself a house with $XRP https://t.co/5CjbADKAOO,0
Mon Jul 16 20:00:10 +0000 2018,@multiplexer @lawfare It is so worthwhile to see such a specific case example of #bitcoin not just failing to provi… https://t.co/rxuBE54RZL,0
Mon Jul 16 19:53:54 +0000 2018,BITCOIN June 6 Cycle and RISING wedge BEAR!  Hi there! it seems to be a cycle that is happening every month form th… https://t.co/7LlJOO41fz,21
Mon Jul 16 19:49:40 +0000 2018,👏 Bitcoin 👏 isn't 👏 a 👏 tech 👏 startup 👏,18
Mon Jul 16 19:48:26 +0000 2018,BITCOIN June 6 Cycle and RISING wedge BEAR!  Hi there! it seems to be a cycle that is happening every month form th… https://t.co/7LlJOO41fz,21
Mon Jul 16 19:48:24 +0000 2018,BITCOIN June 6 Cycle and RISING wedge BEAR!  Hi there! it seems to be a cycle that is happening every month form th… https://t.co/lsYRD4x65G,23
Mon Jul 16 19:47:19 +0000 2018,Born after @KMbappe 🇫🇷   Google Facebook Twitter iPhone📱 iPad Kindle 4G Android YouTube AWS Apple App Store Uber Ai… https://t.co/GJ27Iy9d19,217
Mon Jul 16 19:32:22 +0000 2018,👏 Bitcoin 👏 isn't 👏 a 👏 tech 👏 startup 👏,18
Mon Jul 16 19:30:41 +0000 2018,$GTO and $WPR charts are up in the public group so make sure to check out the channels! Crazy potential here with t… https://t.co/FkFN8lK51i,0
Mon Jul 16 19:22:48 +0000 2018,👏 Bitcoin 👏 isn't 👏 a 👏 tech 👏 startup 👏,18
Mon Jul 16 19:17:42 +0000 2018,👏 Bitcoin 👏 isn't 👏 a 👏 tech 👏 startup 👏,18
Mon Jul 16 19:17:39 +0000 2018,👏 Bitcoin 👏 isn't 👏 a 👏 tech 👏 startup 👏,18
Mon Jul 16 19:16:45 +0000 2018,Born after @KMbappe 🇫🇷   Google Facebook Twitter iPhone📱 iPad Kindle 4G Android YouTube AWS Apple App Store Uber Ai… https://t.co/GJ27Iy9d19,217
Mon Jul 16 19:10:50 +0000 2018,"FIRST 3 SEATS FREE" Online Instructor Led Live Pre-Level 1 #Certification Classes!   This class is an introduction… https://t.co/mwqzTdCNX7,1
Mon Jul 16 19:10:21 +0000 2018,👏 Bitcoin 👏 isn't 👏 a 👏 tech 👏 startup 👏,18
Mon Jul 16 19:10:11 +0000 2018,👏 Bitcoin 👏 isn't 👏 a 👏 tech 👏 startup 👏,18
Mon Jul 16 19:08:54 +0000 2018,#BlackRock has reportedly set up a group to explore the #Crypto landscape and #Bitcoin futures... via @craig_a_russo https://t.co/zX2oU85wDA,6
Mon Jul 16 19:08:04 +0000 2018,👏 Bitcoin 👏 isn't 👏 a 👏 tech 👏 startup 👏,18
Mon Jul 16 19:06:52 +0000 2018,👏 Bitcoin 👏 isn't 👏 a 👏 tech 👏 startup 👏,18
Mon Jul 16 19:06:12 +0000 2018,👏 Bitcoin 👏 isn't 👏 a 👏 tech 👏 startup 👏,18
Mon Jul 16 19:06:02 +0000 2018,👏 Bitcoin 👏 isn't 👏 a 👏 tech 👏 startup 👏,18
Mon Jul 16 19:04:15 +0000 2018,👏 Bitcoin 👏 isn't 👏 a 👏 tech 👏 startup 👏,18
Mon Jul 16 19:00:11 +0000 2018,They did not exist in 2003:  Facebook Twitter iPhone📱 iPad Kindle 4G Android YouTube AWS Apple App Store Uber Airbn… https://t.co/xnuBtvOV3W,233
Mon Jul 16 18:50:48 +0000 2018,@naval @jeremyrwelch @TheFlamcake @balajis @udiWertheimer but it just isn't true in an economic sense  right? alloc… https://t.co/Xbu6T4FeTG,4
Mon Jul 16 18:44:38 +0000 2018,@naval @jeremyrwelch @TheFlamcake @balajis @udiWertheimer if Bitcoin is a public good the free riders are those who… https://t.co/efKRTrRi9w,31
Mon Jul 16 18:36:12 +0000 2018,Follow Elite Aggression Music  @skinnygirluver @EliteAggression  #Follow #FollowforFollow #Sales #Marketing… https://t.co/B1BhQqICXu,4
Mon Jul 16 18:12:51 +0000 2018,Report: World's Biggest Asset Manager BlackRock Exploring Bitcoin https://t.co/7Em3o6tE2F via @CoinDesk,0
Mon Jul 16 17:59:35 +0000 2018,@naval @jeremyrwelch @TheFlamcake @balajis @udiWertheimer if Bitcoin is a public good the free riders are those who… https://t.co/efKRTrRi9w,31
Mon Jul 16 17:56:51 +0000 2018,@naval @jeremyrwelch @TheFlamcake @balajis @udiWertheimer if Bitcoin is a public good the free riders are those who… https://t.co/efKRTrRi9w,31
Mon Jul 16 17:44:29 +0000 2018,@naval @jeremyrwelch @TheFlamcake @balajis @udiWertheimer if Bitcoin is a public good the free riders are those who… https://t.co/efKRTrRi9w,31
Mon Jul 16 17:43:39 +0000 2018,@Plinz Insightful observation!  That's why never bet against a system based on irrationality.  Never bet against Bitcoin.,0
Mon Jul 16 17:04:24 +0000 2018,Born after @KMbappe 🇫🇷   Google Facebook Twitter iPhone📱 iPad Kindle 4G Android YouTube AWS Apple App Store Uber Ai… https://t.co/GJ27Iy9d19,217
Mon Jul 16 16:57:55 +0000 2018,SEC halts sketchy Kodak-branded cryptocurrency mining scheme https://t.co/7BSyudIX2D https://t.co/0K7u8yLYjM,0
Mon Jul 16 16:52:51 +0000 2018,Born after @KMbappe 🇫🇷   Google Facebook Twitter iPhone📱 iPad Kindle 4G Android YouTube AWS Apple App Store Uber Ai… https://t.co/GJ27Iy9d19,217
Mon Jul 16 16:41:54 +0000 2018,@MattFnSmith @SpiryBTC @WhalePanda @NickSzabo4 @Blockstream Not that these dull conspiracy theories need a response… https://t.co/uqCoAvNafS,1
Mon Jul 16 16:39:28 +0000 2018,@MattFnSmith @SpiryBTC @WhalePanda @NickSzabo4 @Blockstream Not that these dull conspiracy theories need a response… https://t.co/uqCoAvNafS,1
Mon Jul 16 16:32:04 +0000 2018,Bitcoin has more in common with Mike Pence than currency. https://t.co/n6ZPzCCbYD,12
Mon Jul 16 16:31:46 +0000 2018,Bitcoin has more in common with Mike Pence than currency. https://t.co/n6ZPzCCbYD,12
Mon Jul 16 16:30:05 +0000 2018,Here’s a lesson in market psychology... Crypto twitter is enamoured at the moment. That means we’re going down. A l… https://t.co/9cKLU8RRT7,1
Mon Jul 16 16:29:22 +0000 2018,Here’s a lesson in market psychology... Crypto twitter is enamoured at the moment. That means we’re going down. A l… https://t.co/9cKLU8RRT7,1
Mon Jul 16 16:20:53 +0000 2018,5 popular non-bitcoin cryptocurrencies you might find interesting https://t.co/CVRJetyIyr,0
Mon Jul 16 16:19:02 +0000 2018,Bitcoin ETF https://t.co/TgCJeJk3d7 #NewInsight from John Dwyer,0
Mon Jul 16 16:14:01 +0000 2018,#Bitcoin or bust. Can you survive a day just using #cryptocurrency? Find out what happens: https://t.co/kj8XI4kU54… https://t.co/vR1L9xmnHW,5
Mon Jul 16 16:07:51 +0000 2018,Born after @KMbappe 🇫🇷   Google Facebook Twitter iPhone📱 iPad Kindle 4G Android YouTube AWS Apple App Store Uber Ai… https://t.co/GJ27Iy9d19,217
Mon Jul 16 15:39:12 +0000 2018,$STRAT primed to take off here this week. Nice double bottom  bull div  and inverse C-Clamp on the 1D. Nearing the… https://t.co/MMoiDcvpE1,2
Mon Jul 16 15:38:56 +0000 2018,They did not exist in 2003:  Facebook Twitter iPhone📱 iPad Kindle 4G Android YouTube AWS Apple App Store Uber Airbn… https://t.co/xnuBtvOV3W,233
Mon Jul 16 15:38:50 +0000 2018,$STRAT primed to take off here this week. Nice double bottom  bull div  and inverse C-Clamp on the 1D. Nearing the… https://t.co/MMoiDcvpE1,2
Mon Jul 16 15:32:28 +0000 2018,Six months after its chief executive lambasted bitcoin  it now seems like BlackRock is changing their tune.… https://t.co/q3B59JtlBO,4
Mon Jul 16 15:31:46 +0000 2018,Six months after its chief executive lambasted bitcoin  it now seems like BlackRock is changing their tune.… https://t.co/q3B59JtlBO,4
Mon Jul 16 15:25:06 +0000 2018,IS THE BITCOIN BEAR MARKET ALMOST OVER!?: https://t.co/NoPX2fc1MT via @YouTube,0
Mon Jul 16 15:18:20 +0000 2018,Awesome post by @xoelipedes rigorously computing the relative performance of crypto indexes versus Bitcoin   https://t.co/O9pnRsMg6Y,23
Mon Jul 16 15:13:38 +0000 2018,@naval @jeremyrwelch @TheFlamcake @balajis @udiWertheimer if Bitcoin is a public good the free riders are those who… https://t.co/efKRTrRi9w,31
Mon Jul 16 15:11:02 +0000 2018,Six months after its chief executive lambasted bitcoin  it now seems like BlackRock is changing their tune.… https://t.co/q3B59JtlBO,4
Mon Jul 16 15:08:49 +0000 2018,We Have DONE The LEGWORK For YOU!! https://t.co/00tTU3Y0Fv #Blockchain #Technology #CryptoCurrency #Bitcoin… https://t.co/yZUAIAnP0U,1
Mon Jul 16 15:07:26 +0000 2018,@naval @jeremyrwelch @TheFlamcake @balajis @udiWertheimer if Bitcoin is a public good the free riders are those who… https://t.co/efKRTrRi9w,31
Mon Jul 16 15:02:23 +0000 2018,Now that some people understand the legitimacy of crypto-trading  the next time a coin moons even partially as bitc… https://t.co/IrzTEmRasA,0
Mon Jul 16 14:59:52 +0000 2018,We Have DONE The LEGWORK For YOU!! https://t.co/00tTU3Y0Fv #Blockchain #Technology #CryptoCurrency #Bitcoin… https://t.co/yZUAIAnP0U,1
Mon Jul 16 14:53:23 +0000 2018,Much of crypto has already fallen victim to the most popular misconceptions of network effects  disruption  and sca… https://t.co/v8Vhco12P4,0
Mon Jul 16 14:41:20 +0000 2018,@naval @jeremyrwelch @TheFlamcake @balajis @udiWertheimer if Bitcoin is a public good the free riders are those who… https://t.co/efKRTrRi9w,31
Mon Jul 16 14:34:56 +0000 2018,Follow Elite Aggression Music  @skinnygirluver @EliteAggression  #Follow #FollowforFollow #Sales #Marketing… https://t.co/B1BhQqICXu,4
Mon Jul 16 14:30:42 +0000 2018,Looking back at the Russian #hacker influence of the 2016 U.S. elections  there are clear illustrations of how… https://t.co/yodujSxwBs,0
Mon Jul 16 14:11:04 +0000 2018,Born after @KMbappe 🇫🇷   Google Facebook Twitter iPhone📱 iPad Kindle 4G Android YouTube AWS Apple App Store Uber Ai… https://t.co/GJ27Iy9d19,217
Mon Jul 16 13:54:32 +0000 2018,@naval @jeremyrwelch @TheFlamcake @balajis @udiWertheimer if Bitcoin is a public good the free riders are those who… https://t.co/efKRTrRi9w,31
Mon Jul 16 13:53:18 +0000 2018,The Helix3 Digital Twin Health Profile (blockchain + IoT) #blockchain #IoT #health #medical #fitness #challenge… https://t.co/swNKe7FxQt,2
Mon Jul 16 13:36:13 +0000 2018,@naval @jeremyrwelch @TheFlamcake @balajis @udiWertheimer if Bitcoin is a public good the free riders are those who… https://t.co/efKRTrRi9w,31
Mon Jul 16 13:35:50 +0000 2018,Join us on Telegram https://t.co/Qzp5CrGzrn  #blockchain #fitness #health #token #ethereum #bitcoin #eth #future https://t.co/M0ajyXPyCp,8
Mon Jul 16 13:17:01 +0000 2018,Does Bitcoin ever surpass it’s all time high price of 19k? 💵👀,0
Mon Jul 16 13:12:55 +0000 2018,Why Governance is the Greatest Problem for Blockchains To Solve https://t.co/kOpt6zSjys via @BTCTN,0
Mon Jul 16 13:11:29 +0000 2018,Born after @KMbappe 🇫🇷   Google Facebook Twitter iPhone📱 iPad Kindle 4G Android YouTube AWS Apple App Store Uber Ai… https://t.co/GJ27Iy9d19,217
Mon Jul 16 13:09:46 +0000 2018,Hey  just wondering  how much did critic's get paid to say that @UnfriendedMovie is good? I'm totally for selling o… https://t.co/8LEBVrgGgx,0
Mon Jul 16 13:08:59 +0000 2018,👀🔮🚀🌛  $BTC #bitcoin #BTC #crypto #altseason https://t.co/LOhNwigG4k,0
Mon Jul 16 13:08:34 +0000 2018,Bitcoin Price Spikes to $6 600 as Crypto Market Finds Momentum https://t.co/aYkvxSDRXP via @cryptocoinsnews,0
Mon Jul 16 12:53:26 +0000 2018,Born after @KMbappe 🇫🇷   Google Facebook Twitter iPhone📱 iPad Kindle 4G Android YouTube AWS Apple App Store Uber Ai… https://t.co/GJ27Iy9d19,217
Mon Jul 16 12:53:17 +0000 2018,@naval @jeremyrwelch @TheFlamcake @balajis @udiWertheimer if Bitcoin is a public good the free riders are those who… https://t.co/efKRTrRi9w,31
Mon Jul 16 12:43:57 +0000 2018,BITCOIN June 6 Cycle and RISING wedge BEAR!  Hi there! it seems to be a cycle that is happening every month form th… https://t.co/lsYRD4x65G,23
Mon Jul 16 12:40:01 +0000 2018,@WhalePanda Good thread. VCs/Angels are rarely experts in what we invest in  so that isn’t new. IMO the real tensio… https://t.co/MbrDsDhLi2,4
Mon Jul 16 12:34:41 +0000 2018,@WhalePanda Good thread. VCs/Angels are rarely experts in what we invest in  so that isn’t new. IMO the real tensio… https://t.co/MbrDsDhLi2,4
Mon Jul 16 12:30:28 +0000 2018,How quantum computers could steal your bitcoin https://t.co/DpOWNPp2VG,0
Mon Jul 16 12:30:10 +0000 2018,@WhalePanda This also explains why many like BCH. They wanted Bitcoin to pivot on blocksize (which they don’t under… https://t.co/av8qqwF5R7,0
Mon Jul 16 12:27:06 +0000 2018,@WhalePanda Good thread. VCs/Angels are rarely experts in what we invest in  so that isn’t new. IMO the real tensio… https://t.co/MbrDsDhLi2,4
Mon Jul 16 12:26:22 +0000 2018,@WhalePanda Good thread. VCs/Angels are rarely experts in what we invest in  so that isn’t new. IMO the real tensio… https://t.co/MbrDsDhLi2,4
Mon Jul 16 12:26:07 +0000 2018,Kodak Bitcoin mining 'scam' evaporates https://t.co/vVuUlwDYNh https://t.co/cXq7HgUpLG,0
Mon Jul 16 12:24:15 +0000 2018,Interesting analysis and perspective - Does The Russian Indictment Exonerate #Bitcoin ? via @forbes… https://t.co/Okhmsjr56r,0
Mon Jul 16 12:22:47 +0000 2018,@WhalePanda Good thread. VCs/Angels are rarely experts in what we invest in  so that isn’t new. IMO the real tensio… https://t.co/MbrDsDhLi2,4
Mon Jul 16 11:55:33 +0000 2018,@naval @jeremyrwelch @TheFlamcake @balajis @udiWertheimer if Bitcoin is a public good the free riders are those who… https://t.co/efKRTrRi9w,31
Mon Jul 16 11:45:17 +0000 2018,Buy or sell $100 of digital currency or more  you will get $10 of free bitcoin. https://t.co/HovVtHEwOe #bitcoin… https://t.co/iqXfufGckT,0
Mon Jul 16 11:38:42 +0000 2018,@naval @jeremyrwelch @TheFlamcake @balajis @udiWertheimer if Bitcoin is a public good the free riders are those who… https://t.co/efKRTrRi9w,31
Mon Jul 16 11:32:06 +0000 2018,@naval @jeremyrwelch @TheFlamcake @balajis @udiWertheimer if Bitcoin is a public good the free riders are those who… https://t.co/efKRTrRi9w,31
Mon Jul 16 11:30:19 +0000 2018,@naval @jeremyrwelch @TheFlamcake @balajis @udiWertheimer if Bitcoin is a public good the free riders are those who… https://t.co/efKRTrRi9w,31
Mon Jul 16 11:15:07 +0000 2018,@naval @jeremyrwelch @TheFlamcake @balajis @udiWertheimer if Bitcoin is a public good the free riders are those who… https://t.co/efKRTrRi9w,31
Mon Jul 16 11:09:29 +0000 2018,Mueller's Russian indictment mentions a bunch of tech concepts: spearphishing  VPNs  Bitcoin  etc. I'm breaking the… https://t.co/9xzKazMzrD,7
Mon Jul 16 11:05:09 +0000 2018,Follow the money: Russian hacking indictment details clear role of cryptocurrencies in advancing cybercrime. https://t.co/GKdz8xYIJh,0
Mon Jul 16 10:41:34 +0000 2018,Born after @KMbappe 🇫🇷   Google Facebook Twitter iPhone📱 iPad Kindle 4G Android YouTube AWS Apple App Store Uber Ai… https://t.co/GJ27Iy9d19,217
Mon Jul 16 10:31:49 +0000 2018,@naval @jeremyrwelch @TheFlamcake @balajis @udiWertheimer if Bitcoin is a public good the free riders are those who… https://t.co/efKRTrRi9w,31
Mon Jul 16 10:27:41 +0000 2018,Born after @KMbappe 🇫🇷   Google Facebook Twitter iPhone📱 iPad Kindle 4G Android YouTube AWS Apple App Store Uber Ai… https://t.co/GJ27Iy9d19,217
Mon Jul 16 10:18:02 +0000 2018,A #good #read to #understand #tokenization.  "In a #world where only #extractive #economies were in effect  an… https://t.co/s7Lb3vH0nL,1
Mon Jul 16 10:12:35 +0000 2018,@naval @jeremyrwelch @TheFlamcake @balajis @udiWertheimer if Bitcoin is a public good the free riders are those who… https://t.co/efKRTrRi9w,31
Mon Jul 16 10:03:36 +0000 2018,#Cryptocurrency expert bets price of #bitcoin will exceed a share of Berkshire Hathaway by 2023: https://t.co/xg8V4ZJoRE,2
Mon Jul 16 10:02:55 +0000 2018,@Bitcoin fancy fancy https://t.co/aMS31HLhPo,0
Mon Jul 16 09:20:02 +0000 2018,#Cryptocurrency expert bets price of #bitcoin will exceed a share of Berkshire Hathaway by 2023: https://t.co/xg8V4ZJoRE,2
Mon Jul 16 08:30:03 +0000 2018,Here’s Why the Coins vs. Tokens Debate Matters to the SEC … and Investors: While most digital tokens sold through i… https://t.co/eTc94axJNQ,1
Mon Jul 16 07:58:48 +0000 2018,Bitcoin’s inherent economics could keep it from ever being very important https://t.co/Hr3CtByw8I,60
Mon Jul 16 07:51:46 +0000 2018,Patent Application Eyes Bitcoin Blockchain for Artwork Provenance https://t.co/TciBSUqB3E https://t.co/TC82UIRbeT,0
Mon Jul 16 07:47:11 +0000 2018,If you aren’t bullish yet  give it 3-4 weeks and a couple thousand $ increase in #bitcoin price. Then you can be bu… https://t.co/3gnW3hS3As,16
Mon Jul 16 07:43:39 +0000 2018,Opinion: Here’s Why #bitcoin Price Will Soar https://t.co/61i4Y4WU00 via @CryptoCoinsNews https://t.co/VjYJ3d1PUK,6
Mon Jul 16 07:26:43 +0000 2018,@konichiwakitty https://t.co/r1d8BHDXaa,0
Mon Jul 16 07:26:38 +0000 2018,@TheMakerShow https://t.co/r1d8BHDXaa,0
Mon Jul 16 07:26:33 +0000 2018,@GameS1x10mx https://t.co/r1d8BHDXaa,0
Mon Jul 16 07:05:41 +0000 2018,Born after @KMbappe 🇫🇷   Google Facebook Twitter iPhone📱 iPad Kindle 4G Android YouTube AWS Apple App Store Uber Ai… https://t.co/GJ27Iy9d19,217
Mon Jul 16 05:33:15 +0000 2018,As for #Bitcoin price predictions  I don’t care when they come true. Bitcoin will go up  the only question is when.… https://t.co/d2gOnFzR6G,0
Mon Jul 16 04:39:56 +0000 2018,The Helix3 Digital Twin Health Profile (blockchain + IoT) #blockchain #IoT #health #medical #fitness #challenge… https://t.co/swNKe7FxQt,2
Mon Jul 16 04:34:35 +0000 2018,Born after @KMbappe 🇫🇷   Google Facebook Twitter iPhone📱 iPad Kindle 4G Android YouTube AWS Apple App Store Uber Ai… https://t.co/GJ27Iy9d19,217
Mon Jul 16 04:01:26 +0000 2018,@oliverzok keep it up oliver - bitcoin cash going to the moon soon!!!,0
Mon Jul 16 03:58:18 +0000 2018,Born after @KMbappe 🇫🇷   Google Facebook Twitter iPhone📱 iPad Kindle 4G Android YouTube AWS Apple App Store Uber Ai… https://t.co/GJ27Iy9d19,217
Mon Jul 16 03:54:34 +0000 2018,Born after @KMbappe 🇫🇷   Google Facebook Twitter iPhone📱 iPad Kindle 4G Android YouTube AWS Apple App Store Uber Ai… https://t.co/GJ27Iy9d19,217
Mon Jul 16 03:47:38 +0000 2018,Bitcoin has more in common with Mike Pence than currency. https://t.co/n6ZPzCCbYD,12
Mon Jul 16 03:06:37 +0000 2018,Born after @KMbappe 🇫🇷   Google Facebook Twitter iPhone📱 iPad Kindle 4G Android YouTube AWS Apple App Store Uber Ai… https://t.co/GJ27Iy9d19,217
Mon Jul 16 03:04:58 +0000 2018,While no one was looking  innovative wallet providers and academics have been stealthily restoring Bitcoin privacy… https://t.co/m1l6lmK0tc,49
Mon Jul 16 02:48:46 +0000 2018,Bitcoin has more in common with Mike Pence than currency. https://t.co/n6ZPzCCbYD,12
Mon Jul 16 02:44:50 +0000 2018,@naval @jeremyrwelch @TheFlamcake @balajis @udiWertheimer if Bitcoin is a public good the free riders are those who… https://t.co/efKRTrRi9w,31
Mon Jul 16 02:40:04 +0000 2018,Bitcoin has more in common with Mike Pence than currency. https://t.co/n6ZPzCCbYD,12
Mon Jul 16 02:30:23 +0000 2018,Awesome post by @xoelipedes rigorously computing the relative performance of crypto indexes versus Bitcoin   https://t.co/O9pnRsMg6Y,23
Mon Jul 16 02:21:26 +0000 2018,@naval @jeremyrwelch @TheFlamcake @balajis @udiWertheimer if Bitcoin is a public good the free riders are those who… https://t.co/efKRTrRi9w,31
Mon Jul 16 02:14:57 +0000 2018,@naval @jeremyrwelch @TheFlamcake @balajis @udiWertheimer if Bitcoin is a public good the free riders are those who… https://t.co/efKRTrRi9w,31
Mon Jul 16 02:14:30 +0000 2018,The Helix3 Digital Twin Health Profile (blockchain + IoT) #blockchain #IoT #health #medical #fitness #challenge… https://t.co/swNKe7FxQt,2
Mon Jul 16 02:13:42 +0000 2018,The Helix3 Digital Twin Health Profile (blockchain + IoT) #blockchain #IoT #health #medical #fitness #challenge… https://t.co/swNKe7FxQt,2
Mon Jul 16 02:11:31 +0000 2018,Bitcoin has more in common with Mike Pence than currency. https://t.co/n6ZPzCCbYD,12
Mon Jul 16 02:04:38 +0000 2018,Bitcoin has more in common with Mike Pence than currency. https://t.co/n6ZPzCCbYD,12
Mon Jul 16 02:04:11 +0000 2018,Bitcoin has more in common with Mike Pence than currency. https://t.co/n6ZPzCCbYD,12
Mon Jul 16 02:03:46 +0000 2018,@naval @jeremyrwelch @TheFlamcake @balajis @udiWertheimer if Bitcoin is a public good the free riders are those who… https://t.co/efKRTrRi9w,31
Mon Jul 16 02:03:01 +0000 2018,@naval @jeremyrwelch @TheFlamcake @balajis @udiWertheimer if Bitcoin is a public good the free riders are those who… https://t.co/efKRTrRi9w,31
Mon Jul 16 02:01:32 +0000 2018,Born after @KMbappe 🇫🇷   Google Facebook Twitter iPhone📱 iPad Kindle 4G Android YouTube AWS Apple App Store Uber Ai… https://t.co/GJ27Iy9d19,217
Mon Jul 16 01:59:42 +0000 2018,Bitcoin has more in common with Mike Pence than currency. https://t.co/n6ZPzCCbYD,12
Mon Jul 16 01:59:23 +0000 2018,Bitcoin has more in common with Mike Pence than currency. https://t.co/n6ZPzCCbYD,12
Mon Jul 16 01:58:51 +0000 2018,Bitcoin has more in common with Mike Pence than currency. https://t.co/n6ZPzCCbYD,12
Mon Jul 16 01:56:29 +0000 2018,Bitcoin has more in common with Mike Pence than currency. https://t.co/n6ZPzCCbYD,12
Mon Jul 16 01:55:17 +0000 2018,Bitcoin has more in common with Mike Pence than currency. https://t.co/n6ZPzCCbYD,12
Mon Jul 16 01:33:53 +0000 2018,@naval @jeremyrwelch @TheFlamcake @balajis @udiWertheimer but it just isn't true in an economic sense  right? alloc… https://t.co/Xbu6T4FeTG,4
Mon Jul 16 01:20:48 +0000 2018,#crypto Markets Keep Building Momentum  #bit#coin Inches Towards $6 400 https://t.co/uwtL92mWV2 via @Cointelegraph https://t.co/vC2JsoQLRl,1
Mon Jul 16 01:16:06 +0000 2018,#crypto Markets Keep Building Momentum  #bit#coin Inches Towards $6 400 https://t.co/uwtL92mWV2 via @Cointelegraph https://t.co/vC2JsoQLRl,1
Mon Jul 16 00:33:59 +0000 2018,Awesome post by @xoelipedes rigorously computing the relative performance of crypto indexes versus Bitcoin   https://t.co/O9pnRsMg6Y,23
Mon Jul 16 00:01:24 +0000 2018,Seagulls are the bitcoin of the future.,0
