Mon Jan 15 23:46:06 +0000 2018,Our combined discord and telegram Pump Made 500% yesterday! Join our telegram!   https://t.co/bPmGnsJO6u  #xrp #xvg… https://t.co/QYuZlLntkM,1
Mon Jan 15 23:45:46 +0000 2018,Our combined discord and telegram Pump Made 500% yesterday! Join our telegram!   https://t.co/FTDaxb4XzM  #xrp #xvg… https://t.co/IQTOogXJ6y,3
Mon Jan 15 23:45:37 +0000 2018,Our combined discord and telegram Pump Made 500% yesterday! Join our telegram!   https://t.co/bPmGnsJO6u  #xrp #xvg… https://t.co/QYuZlLntkM,1
Mon Jan 15 23:45:34 +0000 2018,Our combined discord and telegram Pump Made 500% yesterday! Join our telegram!   https://t.co/FTDaxb4XzM  #xrp #xvg… https://t.co/IQTOogXJ6y,3
Mon Jan 15 23:45:02 +0000 2018,Our combined discord and telegram Pump Made 500% yesterday! Join our telegram!   https://t.co/FTDaxb4XzM  #xrp #xvg… https://t.co/IQTOogXJ6y,3
Mon Jan 15 23:39:52 +0000 2018,500$ for completing a survey after sign up on https://t.co/yekq4OGAJU $btc $ltc $eth Upcoin is a new user friendly… https://t.co/NGj69Y0nQ4,0
Mon Jan 15 23:37:26 +0000 2018,ETH False double top. still bullish $ETHBTC https://t.co/PUFU6oC3Ex,0
Mon Jan 15 23:31:02 +0000 2018,TRADE BITCOIN and others cryptoHERE!  ✅KUCOIN is OPEN!!!  CLICK ▶️ https://t.co/aL5FcED3Eh  ❌Binance  ❌Poloniex  ❌B… https://t.co/FLerH097WX,0
Mon Jan 15 23:25:43 +0000 2018,$XLM TITANTIC Brea\u2026 $STRUSDT https://t.co/F3TK42MIVr,0
Mon Jan 15 23:20:19 +0000 2018,South Korea may ban #crypto trade after warning investors  source MoneyToday. *Yes BIG headline BUT still early: "R… https://t.co/vquEH3VTnP,0
Mon Jan 15 23:16:05 +0000 2018,Starters Bible 2nd Edition @EthereumAddict @CryptoInsiderX @ProfesorCrypto @crypto_rand #altcoins #crypto #eth #btc https://t.co/hTFkXZZ3Q3,36
Mon Jan 15 23:10:58 +0000 2018,“If the community just starts congregating around #truffle  the Truffle team would start receiving ETH. They will r… https://t.co/gvjj94N5Uo,0
Mon Jan 15 23:02:08 +0000 2018,@Gplayer84 I'll bet you 1 eth it doesn't,0
Mon Jan 15 23:00:23 +0000 2018,When the market is red  BUY. Don't panic!   $ETH $BTC $EOS $LTC $DRGN $VEN $SNM $NEO,0
Mon Jan 15 22:58:10 +0000 2018,Just bought $KEY on #kucoin - Blockchain based digital identity system  https://t.co/AIzc7vu0cP  $ETH $BTC $EOS $LTC $DRGN $VEN $SNM $NEO,1
Mon Jan 15 22:53:10 +0000 2018,#Ethereum traders joke about buying “Lambos ” but #Lamborghini just reported record sales! So there is a correlatio… https://t.co/fzk8jtleO0,0
Mon Jan 15 22:38:59 +0000 2018,Big data &amp; secret contracts are one of Enigma’s greatest strengths! $eng $xrp $btc $ltc $eth https://t.co/RYq9RvJgIj,4
Mon Jan 15 21:58:35 +0000 2018,Also check out the $XWIN ICO on going now use my referral link for an extra 2% when you refer to others!… https://t.co/7JDPTgKV0y,0
Mon Jan 15 21:57:52 +0000 2018,XRP/ETH DOJI $XRPETH https://t.co/eZPwSwGuWm,0
Mon Jan 15 21:55:00 +0000 2018,@mims @joonian Hmm  sales growth has slowed since the Eth ico?,0
Mon Jan 15 21:53:00 +0000 2018,#ETH  Ближайши\u2026 $ETHUSD https://t.co/8T4uaarXAl,0
Mon Jan 15 21:40:04 +0000 2018,NEW WITH BITCOIN TRADING? BEST PLATFORM:  CLICK ▶️ https://t.co/aL5FcED3Eh  ✅KUCOIN ($btc #btc #bitcoin) #kcs… https://t.co/1wKsFs6J3u,0
Mon Jan 15 21:33:03 +0000 2018,IS BITCOIN a BUBBLE? NO FUCKING WAY make profit today!  CLICK  ▶️ https://t.co/aL5FcED3Eh  ✅JOIN NOW KUCOIN ore BIN… https://t.co/HbexF3pFUO,0
Mon Jan 15 21:32:41 +0000 2018,Dont miss out on the $IGNT ICO live right now for the next 22 hours https://t.co/Tz3Es75yn5  $BTC $ETH $LTC #IGNT… https://t.co/uakIIrQEWN,2
Mon Jan 15 21:30:34 +0000 2018,Our first pump made over 500% and our discord has over 1000 members.  Join our new telegram group to make huge gain… https://t.co/BQKlx9jI1D,0
Mon Jan 15 21:30:00 +0000 2018,TRON TRX/ETH Elliott Wave Analysis $TRXETH https://t.co/pahFHhRYRU,0
Mon Jan 15 21:21:46 +0000 2018,ETH/BTC $ETHBTC https://t.co/Zhjb1ZbCYm,0
Mon Jan 15 21:17:49 +0000 2018,Dont miss out on the $IGNT ICO live right now for the next 22 hours https://t.co/Tz3Es75yn5  $BTC $ETH $LTC #IGNT… https://t.co/uakIIrQEWN,2
Mon Jan 15 21:16:09 +0000 2018,@ZeusZissou When $ETH was $190 it was $420 two weeks later.  Definitely $NEO will be $500 way before the end of the… https://t.co/jgu3fp80Wp,0
Mon Jan 15 21:12:20 +0000 2018,eth btc analysis $ETHBTC https://t.co/855leQ1ejv,0
Mon Jan 15 21:09:03 +0000 2018,✅Binance is FINALLY OPENT again.... REGISTER NOW!!!   CLICK ▶️ https://t.co/7Cqg42seMM     ❌Poloniex (#bitcoin) ❌Bi… https://t.co/LeyEGxFHve,0
Mon Jan 15 21:05:37 +0000 2018,ETH/BTC ( retracing back - short term ) $ETHBTC https://t.co/UxaCU1JThT,0
Mon Jan 15 21:01:48 +0000 2018,@assassin7898 $NEO is coming for $ETH. https://t.co/WpkPaeEEvd,0
Mon Jan 15 20:59:53 +0000 2018,IMHO $ADA ( #Cardano ) is an absolutely great project with long-term potential and may surprise MANY at what it wil… https://t.co/9dEfHQ4GgI,0
Mon Jan 15 20:51:35 +0000 2018,Add in $ADTM to that 3 some!! Fattys are running wild in 2018!! BULLMARKET BABY!! $IFXY #GRDO $ANDI $ETH $BTC $LTC #BlockChain #ICO,0
Mon Jan 15 20:45:37 +0000 2018,I remember when $ETH was $190 and then two weeks later it hit $420. $NEO is coming for it's crown. While all other… https://t.co/4xLJ2V6ZEC,0
Mon Jan 15 20:36:03 +0000 2018,Want to trade for a brand new lamborghini?  CLICK ▶️ https://t.co/3tsZhCB1cv  ✅KUCOIN ($btc #btc #bitcoin) #kcs… https://t.co/JUDQmbvtCu,0
Mon Jan 15 20:11:47 +0000 2018,ETH patterns show 35% drop  $ETHUSD https://t.co/yxQAAzQq0U,0
Mon Jan 15 20:05:21 +0000 2018,Dont miss out on the $IGNT ICO live right now for the next 22 hours https://t.co/Tz3Es75yn5  $BTC $ETH $LTC #IGNT… https://t.co/uakIIrQEWN,2
Mon Jan 15 20:04:39 +0000 2018,ETH looks interesting\u2026 $ETHUSD https://t.co/06YMHkaYIJ,0
Mon Jan 15 19:32:03 +0000 2018,Binance is open again!!! TRADE YOUR BITCOIN @ number 1  CLICK ▶️ https://t.co/7Cqg42seMM     ✅Binance ($btc #btc… https://t.co/olBGS8VCcj,0
Mon Jan 15 18:50:04 +0000 2018,THE BEST CRYPTO COIN EXCHANGE IN THE WORLD!  CLICK ▶️ https://t.co/Wl5VHuHukl     Move your trading to the #1 crypt… https://t.co/UBgUzoPF9u,0
Mon Jan 15 18:39:45 +0000 2018,Want to make REAL MONEY with bitcoin trading? F normal trading  CLICK here ▶️ https://t.co/aL5FcED3Eh  ✅KUCOIN ($bt… https://t.co/7SWUgEGMy2,1
Mon Jan 15 18:38:03 +0000 2018,Want to make REAL MONEY with bitcoin trading? F normal trading  CLICK here ▶️ https://t.co/aL5FcED3Eh  ✅KUCOIN ($bt… https://t.co/7SWUgEGMy2,1
Mon Jan 15 18:25:30 +0000 2018,Starters Bible 2nd Edition @EthereumAddict @CryptoInsiderX @ProfesorCrypto @crypto_rand #altcoins #crypto #eth #btc https://t.co/hTFkXZZ3Q3,36
Mon Jan 15 18:19:57 +0000 2018,ETH - Fibonacci Retracement Level $ETHUSD https://t.co/bMW8bK9qce,0
Mon Jan 15 17:52:44 +0000 2018,Do you know how much money can you earn with CCG Mining? Check it with our Profit calculator! Join us services!… https://t.co/0QYSy7IMKK,0
Mon Jan 15 17:46:21 +0000 2018,#trx $neo $btc $eth $ltc $xvg $ada $xlm $xrp $icx $eos $ven $salt $xrb $bnb #zrx $ethos $req $cob $med #blockchain… https://t.co/wzXjQUWrUW,4
Mon Jan 15 17:33:16 +0000 2018,Wow... Twitter is officially an Orwellian pervert bot...  Nazi level shit...  #bitcoin #ripple #safex… https://t.co/Fx4tINzOZT,0
Mon Jan 15 17:29:00 +0000 2018,Want to start investing in #bitcoin #ethereum #litecoin and many #altcoins? Join #binance today using our link for… https://t.co/e979RHR3Ws,0
Mon Jan 15 17:19:03 +0000 2018,BITCOIN EXCHANGES TOP2! make real coins here!  CLICK  ▶️ https://t.co/3tsZhCB1cv  ✅KUCOIN ore BINANCE ($btc #btc… https://t.co/Vcyvbb3xA9,0
Mon Jan 15 17:02:46 +0000 2018,XRP ETH Idea???? $XRPETH https://t.co/3rz5d1U9XY,0
Mon Jan 15 16:53:48 +0000 2018,This tells a lot. $BTC $ETH $XRP $ZEC #XMR #ETC #LTC https://t.co/ZFdnl89Su6,0
Mon Jan 15 16:40:19 +0000 2018,If #tron #trx doesn’t hit $1 by the end of January I will give away 1k TRX to one lucky follower. Retweet and follo… https://t.co/E7Pps2kqgx,84
Mon Jan 15 16:22:03 +0000 2018,TRADE BITCOIN and others HERE!  ✅KUCOIN is 100% OPEN!!!  CLICK ▶️ https://t.co/3tsZhCB1cv  ❌Binance  ❌Poloniex  ❌Bi… https://t.co/BHwst27EZb,0
Mon Jan 15 15:50:19 +0000 2018,Get educated. #crpyto $btc $ltc $eth https://t.co/e8PduJ9nUJ,1
Mon Jan 15 15:47:07 +0000 2018,Get educated. #crpyto $btc $ltc $eth https://t.co/e8PduJ9nUJ,1
Mon Jan 15 15:47:04 +0000 2018,10% PROFIT ore 400% in a year? Start bitcoin trading!  CLICK here ▶️ https://t.co/3tsZhCB1cv  ✅KUCOIN ($btc #btc… https://t.co/DJfXwU2Zpx,0
Mon Jan 15 15:42:03 +0000 2018,PEOPLE ALWAYS ASK ME HOW TO MAKE MONEY.....TRADE BITCOIN!  CLICK ▶️ https://t.co/7Cqg42seMM     ✅Binance (crypto tr… https://t.co/A33FRvgiPA,0
Mon Jan 15 15:33:03 +0000 2018,✅Binance  ❌Poloniex  ❌Bittrex    Move all your trading to the NUMBER 1 crypto exchange 🚀  Receive a 50% discount on… https://t.co/XJvA0bCCEk,0
Mon Jan 15 15:27:27 +0000 2018,Jan-14 #BITCOIN (#BTC) : #ETHEREUM (#ETH) Update #CryptoCurrency #Technical #Analysis #Chart : Watch -&gt;… https://t.co/cMOWNMe8hv,1
Mon Jan 15 15:20:02 +0000 2018,ETH ore ETC coin trading?  ✅Binance (trade ETH and ETC here )  🚀   Trade $eth #etc  CLICK ▶️… https://t.co/0sxSDVKgFS,0
Mon Jan 15 15:18:53 +0000 2018,Coinbase Eth Chart 1/15 Morning $ETHUSD https://t.co/8kbqGxYIJG,0
Mon Jan 15 14:57:41 +0000 2018,This #btc run will provide a big push for #eth and #Ltc be on the lookout many players are looking to take advantag… https://t.co/WF36XL3yLl,0
Mon Jan 15 13:52:23 +0000 2018,NEO / ETH ** Will it Reach the Target\u2026 $NEOUSD https://t.co/f7kOWjzFoD,0
Mon Jan 15 12:52:03 +0000 2018,#1  Crypto  H1  ETH/USD  In Co\u2026 $ETHUSD https://t.co/B7WZB5TyxY,0
Mon Jan 15 12:44:24 +0000 2018,ETH. Зона покупки. $ETHUSD https://t.co/PV1owLKBlr,0
Mon Jan 15 12:02:30 +0000 2018,WHY ARE WE TAKING THE PROOF OF MASS ADOPTION APPROACH?   When we have the store of value and smart contract/commerc… https://t.co/r0XE5weIWk,216
Mon Jan 15 12:01:34 +0000 2018,Bitcoin and Ethereum Price Forecast – BTC In Consolidation as ETH Prepares for Next Move https://t.co/iry4TBsRGR,0
Mon Jan 15 11:41:58 +0000 2018,WHY ARE WE TAKING THE PROOF OF MASS ADOPTION APPROACH?   When we have the store of value and smart contract/commerc… https://t.co/r0XE5weIWk,216
Mon Jan 15 11:41:51 +0000 2018,A video one of our community members made $htmlcoin #POMO $BTC $ETH #Freelancers https://t.co/eF5hHiKYId,98
Mon Jan 15 10:39:20 +0000 2018,#trx $neo $btc $eth $ltc $xvg $ada $xlm $xrp $icx $eos $ven $salt $xrb $bnb #zrx $ethos $req $cob $med #blockchain… https://t.co/wzXjQUWrUW,4
Mon Jan 15 10:06:08 +0000 2018,Starters Bible 2nd Edition @EthereumAddict @CryptoInsiderX @ProfesorCrypto @crypto_rand #altcoins #crypto #eth #btc https://t.co/hTFkXZZ3Q3,36
Mon Jan 15 09:41:13 +0000 2018,WHY ARE WE TAKING THE PROOF OF MASS ADOPTION APPROACH?   When we have the store of value and smart contract/commerc… https://t.co/r0XE5weIWk,216
Mon Jan 15 09:19:39 +0000 2018,#free #airdrop #live #altcoins #altcoin #eth #3rdgenblockchain zerom token Aidrop Campaign 1/4 https://t.co/GnI4XbXN6O,0
Mon Jan 15 08:25:01 +0000 2018,Eth 3rd top? + 4th and 5th forcast  $ETHUSD https://t.co/mzsShRjCP7,0
Mon Jan 15 08:19:39 +0000 2018,ETH/USD Showing Price/\u2026 $ETHUSD https://t.co/aBdTkAkkHn,0
Mon Jan 15 08:10:11 +0000 2018,Reverse FIB on ETH $ETHUSD https://t.co/XSFUZzsXxs,0
Mon Jan 15 08:04:47 +0000 2018,ETH NEO Bittrex  bis etwa Februar / Mitte Februar 2018 $NEOETH https://t.co/wiQL6XTBVD,0
Mon Jan 15 08:00:26 +0000 2018,XVG / ETH ** The Trend is going Down** $XVGETH https://t.co/X2R96qHHqA,0
Mon Jan 15 07:54:16 +0000 2018,NEO ETH Bittrex  Ausblick für die nächsten Tage  Kaufgelegenheit $NEOETH https://t.co/6iMYoI4Idy,0
Mon Jan 15 07:46:38 +0000 2018,Starters Bible 2nd Edition @EthereumAddict @CryptoInsiderX @ProfesorCrypto @crypto_rand #altcoins #crypto #eth #btc https://t.co/hTFkXZZ3Q3,36
Mon Jan 15 07:31:48 +0000 2018,eth $ETHUSD https://t.co/pTetb4YpOn,0
Mon Jan 15 07:28:23 +0000 2018,@BandManChan @binance_2017 ya that was a couple trades because the price wasn't set yet. highest $BTC purchase was… https://t.co/cQZ3Joq1fV,0
Mon Jan 15 06:50:00 +0000 2018,ETH-USDT $ETHUSDT https://t.co/UsSIRbzdRK,0
Mon Jan 15 06:46:40 +0000 2018,REQ/ETH approaching oversold $REQETH https://t.co/2L8wP7LQOu,0
Mon Jan 15 06:43:51 +0000 2018,Güvenli Liman ETH $ETHBTC https://t.co/NhRorBctii,1
Mon Jan 15 06:40:44 +0000 2018,Güvenli Liman ETH $ETHBTC https://t.co/NhRorBctii,1
Mon Jan 15 05:51:45 +0000 2018,Did you know you can get #Binance on your iOS device? It's very easy  just follow our step-by-step guide now!… https://t.co/Cazyvq0TfQ,0
Mon Jan 15 05:49:31 +0000 2018,Once again  #Binance is temporarily open for registrations. Sign up now using our link to get 50% off trading fees!… https://t.co/p4RvgVaIgF,0
Mon Jan 15 05:48:11 +0000 2018,ETH/USD $ETHUSD https://t.co/AGMSc48cvb,0
Mon Jan 15 05:44:56 +0000 2018,ETH raising wedg\u2026 $ETHUSD https://t.co/OYPUXaxCM1,0
Mon Jan 15 05:44:03 +0000 2018,@AriDavidPaul I really respect your opinion... I’ve been long ETH for a while.  I am a novice but I like Vitalik an… https://t.co/DQVs6pLoXf,0
Mon Jan 15 05:35:54 +0000 2018,ETH/USD A Foe before Friend \u2026 $ETHUSD https://t.co/BirJPDCNfQ,0
Mon Jan 15 05:24:00 +0000 2018,ETH/USD A Friend during the upcoming FUD  $ETHUSD https://t.co/uAvdHfBZek,0
Mon Jan 15 05:07:39 +0000 2018,Ethereum Price Technical Analysis – Can ETH/USD Hold $1300? - https://t.co/tVeCzZMYfC,0
Mon Jan 15 05:00:22 +0000 2018,NEO breakout. Target 200\u2026 $NEOUSDT https://t.co/JNGpxNGl31,0
Mon Jan 15 04:41:26 +0000 2018,Starters Bible 2nd Edition @EthereumAddict @CryptoInsiderX @ProfesorCrypto @crypto_rand #altcoins #crypto #eth #btc https://t.co/hTFkXZZ3Q3,36
Mon Jan 15 04:39:26 +0000 2018,@mpj7256 You sent to a cryptopia Linda wallet address right? Not a btc or eth address?,0
Mon Jan 15 03:57:30 +0000 2018,Starters Bible 2nd Edition @EthereumAddict @CryptoInsiderX @ProfesorCrypto @crypto_rand #altcoins #crypto #eth #btc https://t.co/hTFkXZZ3Q3,36
Mon Jan 15 03:23:31 +0000 2018,Bullish TK cross ETC/ETH $ETCETH https://t.co/zvWA4nTae1,0
Mon Jan 15 03:12:11 +0000 2018,@crypto_es_vida @eth_classic @ethereumproject @cryptodemedici BTC bearish alt bullish,0
Mon Jan 15 02:55:56 +0000 2018,@etherdelta @EtherdeltaL By mistake it has come in Funds column with VEE/ETH https://t.co/cBkuweFqQj,0
Mon Jan 15 02:54:40 +0000 2018,@etherdelta Am stuck here- please let me know how to move ETH to buy VEE? Thanks @EtherdeltaL https://t.co/T41kLzQjeE,0
Mon Jan 15 02:52:40 +0000 2018,#zcl will give birth to #BitcoinPrivate very soon and here is her heart beat's. #bitcoin #Bittrex #Eth #ltc #xrp… https://t.co/oaoeQvRbW9,1
Mon Jan 15 02:49:32 +0000 2018,ETH/USD CUP AND HANDLE $ETHUSD https://t.co/r8uGdNKp39,0
Mon Jan 15 02:47:48 +0000 2018,以太坊ETH-强势依旧 $ETHUSD https://t.co/4hLSH9rFfA,0
Mon Jan 15 02:47:20 +0000 2018,ETH in triangle $ETHBTC https://t.co/pnNinjZlYX,0
Mon Jan 15 02:47:01 +0000 2018,@DarrenB94 @OddStockTrader I think there will be ups and downs over the next few years but overall the space is goi… https://t.co/KmSeb042sd,0
Mon Jan 15 02:30:18 +0000 2018,If #tron #trx doesn’t hit $1 by the end of January I will give away 1k TRX to one lucky follower. Retweet and follo… https://t.co/E7Pps2kqgx,84
Mon Jan 15 02:26:20 +0000 2018,#zcl will give birth to #BitcoinPrivate very soon and here is her heart beat's. #bitcoin #Bittrex #Eth #ltc #xrp… https://t.co/oaoeQvRbW9,1
Mon Jan 15 01:52:44 +0000 2018,$LTC Gaining a bit of bullish moment $BTC $ETH #Crypto #Cryptocurrency  https://t.co/IiIirhbDKi,0
Mon Jan 15 01:50:41 +0000 2018,If #tron #trx doesn’t hit $1 by the end of January I will give away 1k TRX to one lucky follower. Retweet and follo… https://t.co/E7Pps2kqgx,84
Mon Jan 15 01:45:18 +0000 2018,WHY ARE WE TAKING THE PROOF OF MASS ADOPTION APPROACH?   When we have the store of value and smart contract/commerc… https://t.co/r0XE5weIWk,216
Mon Jan 15 01:38:14 +0000 2018,Coinbase Eth Charts 1/14 Evening $ETHUSD https://t.co/56mxyKFZlV,0
Mon Jan 15 01:29:08 +0000 2018,@eth_classic @ethereumproject market  is superbearish now. @cryptodemedici $ETC ain't flying;) https://t.co/U88UHqtACN,0
Mon Jan 15 01:14:51 +0000 2018,4h Chart. ETH Ascending\u2026 $ETHUSD https://t.co/ig1Qpk3Dox,0
Mon Jan 15 01:02:23 +0000 2018,Designing brand new #crypto merch for the site https://t.co/JlLQzncJoo  Pick up this exclusive #eth mesh collection… https://t.co/B4SyqPFGRj,0
Mon Jan 15 00:41:14 +0000 2018,Starters Bible 2nd Edition @EthereumAddict @CryptoInsiderX @ProfesorCrypto @crypto_rand #altcoins #crypto #eth #btc https://t.co/hTFkXZZ3Q3,36
Mon Jan 15 00:32:39 +0000 2018,#ETH +27% target $1709 USD $ETHUSD https://t.co/E0jeLyioL3,0
Mon Jan 15 00:32:22 +0000 2018,ETH to hit ATH - GO LONG!!! $ETHUSD https://t.co/lU9MwmrRHO,0
Mon Jan 15 00:32:21 +0000 2018,Starters Bible 2nd Edition @EthereumAddict @CryptoInsiderX @ProfesorCrypto @crypto_rand #altcoins #crypto #eth #btc https://t.co/hTFkXZZ3Q3,36
Mon Jan 15 00:30:56 +0000 2018,Starters Bible 2nd Edition @EthereumAddict @CryptoInsiderX @ProfesorCrypto @crypto_rand #altcoins #crypto #eth #btc https://t.co/hTFkXZZ3Q3,36
Mon Jan 15 00:27:21 +0000 2018,Starters Bible 2nd Edition @EthereumAddict @CryptoInsiderX @ProfesorCrypto @crypto_rand #altcoins #crypto #eth #btc https://t.co/hTFkXZZ3Q3,36
Mon Jan 15 00:15:08 +0000 2018,TTL to fiber HTL to fiber Industrial repeater Repeater modem fiber optic repeater Industrial ethernet switch Eth... https://t.co/eLKEUIt73v,0
