Mon Aug 27 23:25:59 +0000 2018,Get ready guys! This will be huge! #TRX #Tron https://t.co/7P6DiEpvh9,0
Mon Aug 27 22:36:03 +0000 2018,.@Audi PB 18 e-tron Concept beautifully toes the line between present and future: https://t.co/W9RWjeNoV3 #Audi https://t.co/NiDaoeSPv5,2
Mon Aug 27 22:30:08 +0000 2018,.@Audi PB 18 e-tron Concept beautifully toes the line between present and future: https://t.co/W9RWjeNoV3 #Audi https://t.co/NiDaoeSPv5,2
Mon Aug 27 22:24:08 +0000 2018,Another visual EQ for the TRON community!!!   "Activate TRON" 🎵🚀  @justinsuntron @Tronfoundation @europe_tron… https://t.co/jNh5h8jG9z,10
Mon Aug 27 22:20:34 +0000 2018,Another visual EQ for the TRON community!!!   "Activate TRON" 🎵🚀  @justinsuntron @Tronfoundation @europe_tron… https://t.co/jNh5h8jG9z,10
Mon Aug 27 22:09:29 +0000 2018,@cryptoskevin @GoSeedit Any word on the release date?,1
Mon Aug 27 21:08:04 +0000 2018,TRON &amp; @GoSeedit has taken over Twitter and Telegram! TRON's transactions are SURGING!! Already half of $ETH 's!… https://t.co/fItsK5dnic,7
Mon Aug 27 20:57:53 +0000 2018,Oh Tron  you slay me!  #FlynnLives #TronLives #IFightForTheUsers — at Up-Down Milwaukee https://t.co/5agvtjDAPs,0
Mon Aug 27 20:50:43 +0000 2018,@Sukhpreeta2 @justinsuntron @Tronfoundation @europe_tron @Nick_Caldarelli Hey @Sukhpreeta2 this single is free to D… https://t.co/VaHmlQhr7G,1
Mon Aug 27 20:49:48 +0000 2018,@Sukhpreeta2 @justinsuntron @Tronfoundation @europe_tron @Nick_Caldarelli Hey @Sukhpreeta2 this single is free to D… https://t.co/VaHmlQhr7G,1
Mon Aug 27 20:27:35 +0000 2018,Oh my goodness! TRON! — at Up-Down Milwaukee https://t.co/ZKh4A6Wybs,0
Mon Aug 27 18:17:36 +0000 2018,TRON &amp; @GoSeedit has taken over Twitter and Telegram! TRON's transactions are SURGING!! Already half of $ETH 's!… https://t.co/fItsK5dnic,7
Mon Aug 27 17:44:15 +0000 2018,TRON &amp; @GoSeedit has taken over Twitter and Telegram! TRON's transactions are SURGING!! Already half of $ETH 's!… https://t.co/fItsK5dnic,7
Mon Aug 27 16:31:07 +0000 2018,@thacryptomaniac I’ll get flack for this but  I don’t understand why SR’s are giving all of their $Trx away anyway.… https://t.co/obAYkS2bE2,3
Mon Aug 27 15:53:24 +0000 2018,TRON &amp; @GoSeedit has taken over Twitter and Telegram! TRON's transactions are SURGING!! Already half of $ETH 's!… https://t.co/fItsK5dnic,7
Mon Aug 27 15:35:15 +0000 2018,$TRX React Native was developed by Facebook to allow developers to make mobile apps without the need for HTML. Tron… https://t.co/d04mhDHnAc,1
Mon Aug 27 15:23:53 +0000 2018,Live Photos of the Audi PB18 e-tron at The Quail in Pebble Beach - https://t.co/Tdz4Xmc2zD https://t.co/eDJxYz4OME,1
Mon Aug 27 14:51:42 +0000 2018,TRON &amp; @GoSeedit has taken over Twitter and Telegram! TRON's transactions are SURGING!! Already half of $ETH 's!… https://t.co/fItsK5dnic,7
Mon Aug 27 14:43:05 +0000 2018,The Morning After:  Robot dogs and Audi's electric supercar https://t.co/gnqUSkkH2D,1
Mon Aug 27 14:16:05 +0000 2018,The Morning After:  Robot dogs and Audi's electric supercar https://t.co/gnqUSkkH2D,1
Mon Aug 27 14:03:36 +0000 2018,@IantheRoge @Dvo_Tron @TouchMyPfing When life hands you 007: Die Another Day playing cards you don't say no,0
Mon Aug 27 13:41:12 +0000 2018,@thacryptomaniac I’ll get flack for this but  I don’t understand why SR’s are giving all of their $Trx away anyway.… https://t.co/obAYkS2bE2,3
Mon Aug 27 13:38:57 +0000 2018,Another visual EQ for the TRON community!!!   "Activate TRON" 🎵🚀  @justinsuntron @Tronfoundation @europe_tron… https://t.co/jNh5h8jG9z,10
Mon Aug 27 13:21:35 +0000 2018,Another visual EQ for the TRON community!!!   "Activate TRON" 🎵🚀  @justinsuntron @Tronfoundation @europe_tron… https://t.co/jNh5h8jG9z,10
Mon Aug 27 12:58:19 +0000 2018,Another visual EQ for the TRON community!!!   "Activate TRON" 🎵🚀  @justinsuntron @Tronfoundation @europe_tron… https://t.co/jNh5h8jG9z,10
Mon Aug 27 12:54:36 +0000 2018,@thacryptomaniac I’ll get flack for this but  I don’t understand why SR’s are giving all of their $Trx away anyway.… https://t.co/obAYkS2bE2,3
Mon Aug 27 12:52:54 +0000 2018,TRON &amp; @GoSeedit has taken over Twitter and Telegram! TRON's transactions are SURGING!! Already half of $ETH 's!… https://t.co/fItsK5dnic,7
Mon Aug 27 12:10:57 +0000 2018,@thacryptomaniac I’ll get flack for this but  I don’t understand why SR’s are giving all of their $Trx away anyway.… https://t.co/obAYkS2bE2,3
Mon Aug 27 11:57:23 +0000 2018,Another visual EQ for the TRON community!!!   "Activate TRON" 🎵🚀  @justinsuntron @Tronfoundation @europe_tron… https://t.co/jNh5h8jG9z,10
Mon Aug 27 11:37:03 +0000 2018,TRON &amp; @GoSeedit has taken over Twitter and Telegram! TRON's transactions are SURGING!! Already half of $ETH 's!… https://t.co/fItsK5dnic,7
Mon Aug 27 11:21:02 +0000 2018,TRON &amp; @GoSeedit has taken over Twitter and Telegram! TRON's transactions are SURGING!! Already half of $ETH 's!… https://t.co/fItsK5dnic,7
Mon Aug 27 10:21:09 +0000 2018,Another visual EQ for the TRON community!!!   "Activate TRON" 🎵🚀  @justinsuntron @Tronfoundation @europe_tron… https://t.co/jNh5h8jG9z,10
Mon Aug 27 10:17:51 +0000 2018,One of the few exchanges that has been extremely helpful throughout TRON TRX's testnet &amp; mainnet transition is Bina… https://t.co/CeuATs6EEw,2
Mon Aug 27 07:19:26 +0000 2018,Now playing: Daft Punk - 'End of Line' from 'TRON: Legacy',0
Mon Aug 27 06:22:53 +0000 2018,Tron: Legacy (2010): I’m HIGHLY uncomfortable because of cgi Jeff Bridges. https://t.co/7NgkKOoZkH,0
Mon Aug 27 05:48:45 +0000 2018,Another visual EQ for the TRON community!!!   "Activate TRON" 🎵🚀  @justinsuntron @Tronfoundation @europe_tron… https://t.co/jNh5h8jG9z,10
Mon Aug 27 05:41:44 +0000 2018,Another visual EQ for the TRON community!!!   "Activate TRON" 🎵🚀  @justinsuntron @Tronfoundation @europe_tron… https://t.co/jNh5h8jG9z,10
Mon Aug 27 05:21:03 +0000 2018,Girl I’m about to go watch tron. No amount of harry styles is worth the torture that is war films.,0
Mon Aug 27 04:26:00 +0000 2018,Another visual EQ for the TRON community!!!   "Activate TRON" 🎵🚀  @justinsuntron @Tronfoundation @europe_tron… https://t.co/jNh5h8jG9z,10
Mon Aug 27 02:15:43 +0000 2018,Another visual EQ for the TRON community!!!   "Activate TRON" 🎵🚀  @justinsuntron @Tronfoundation @europe_tron… https://t.co/jNh5h8jG9z,10
Mon Aug 27 02:09:08 +0000 2018,@armlx I think I take the Karn. Keeping Tron off its payoffs early opens a path to win that isn't "pray the deck do… https://t.co/L3EmbGTUvZ,0
Mon Aug 27 01:30:14 +0000 2018,One of the few exchanges that has been extremely helpful throughout TRON TRX's testnet &amp; mainnet transition is Bina… https://t.co/CeuATs6EEw,2
Mon Aug 27 01:27:55 +0000 2018,What you think about this #trx #tron wallet ? https://t.co/dygeJuhGFK,0
Mon Aug 27 00:49:30 +0000 2018,Live Photos of the Audi PB18 e-tron at The Quail in Pebble Beach - https://t.co/Tdz4Xmc2zD https://t.co/eDJxYz4OME,1
