Mon Dec 10 19:49:53 +0000 2018,@wasabiwallet is an amazing product. Just tried it for the 1st time. Very straightforward method to add… https://t.co/bhgwnBEnm1,6
