Tue Feb 20 22:43:21 +0000 2018,The Flight to Tokyo is on Fire! Everybody Run! RIPPLE (XRP) - XRPUSD TradingView https://t.co/Hh5umPavvV,3
Tue Feb 20 22:18:36 +0000 2018,JP Morgan internal Cryptocurrency prediction report: Bitcoin  Bitcoin Cash  Ethereum  Ripple  Cardano  Dash  Litcoi… https://t.co/EBd1JOyvGb,0
Tue Feb 20 14:49:33 +0000 2018,JP Morgan internal #Cryptocurrency prediction report: #Bitcoin  #Bitcoin_Cash  #Ethereum  Ripple  #Cardano  #Dash … https://t.co/r1zCYwTiIw,0
Tue Feb 20 14:31:55 +0000 2018,I uploaded a new episode  "Episode 6 - Artificial Intelligence and Bitcoin"  on #spreaker #a_i… https://t.co/CkgrGCM3tH,3
Tue Feb 20 13:07:00 +0000 2018,The metropolitan area of more than more than 400 000 is the 8th-largest in Texas  and the port is the 5th-largest i… https://t.co/KrWYLhNCtG,0
Tue Feb 20 11:10:27 +0000 2018,@haydentiff @Ripple I learn so much from following you! 😊,0
Tue Feb 20 10:39:15 +0000 2018,#blockchain #crypto Ripple Price Technical Analysis – Can XRP/USD Break 100 SMA? https://t.co/wzSG7cOnO6 #Analysis… https://t.co/mSIj5bftZ2,0
Tue Feb 20 10:00:10 +0000 2018,I uploaded a new episode  "Episode 6 - Artificial Intelligence and Bitcoin"  on #spreaker #a_i… https://t.co/CkgrGCM3tH,3
Tue Feb 20 08:25:15 +0000 2018,【暗号通貨】Ripple総合428リップル【XRP】 https://t.co/SmVedJgHQL,0
Tue Feb 20 08:06:18 +0000 2018,@HRipples @JustCharlie7109 @XRPTrump @stedas @Ripple @xrp_news @xrptips @JoelKatz They would have to plan ahead of… https://t.co/XHBrA6v2S2,0
Tue Feb 20 08:00:50 +0000 2018,@HRipples @JustCharlie7109 @XRPTrump @stedas @Ripple @xrp_news @xrptips @JoelKatz Not spreading FAD or whatever jus… https://t.co/rqWeigbFeC,0
Tue Feb 20 07:56:42 +0000 2018,@HRipples @JustCharlie7109 @XRPTrump @stedas @Ripple @xrp_news @xrptips @JoelKatz Current is great technology but i… https://t.co/WxqEsJhmrF,0
Tue Feb 20 07:50:09 +0000 2018,@JustCharlie7109 @XRPTrump @stedas @Ripple @xrp_news @xrptips @JoelKatz And yes xrp token is owned mostly by few gu… https://t.co/kLvFCi3i5K,0
Tue Feb 20 07:48:14 +0000 2018,@JustCharlie7109 @XRPTrump @stedas @Ripple @xrp_news @xrptips @JoelKatz Ripple is being used by about 100 companies… https://t.co/7k3kMZuEcV,0
Tue Feb 20 07:42:43 +0000 2018,@stedas @Ripple @XRPTrump @xrp_news @xrptips There is a difference between XRP and Ripple. Educate yourself first t… https://t.co/iWmIwLaiko,0
Tue Feb 20 07:38:31 +0000 2018,@XRPTrump @stedas @Ripple @xrp_news @xrptips @JoelKatz Focus on vision of crypto world with its ever evolving techn… https://t.co/JG1o5rIcdf,0
Tue Feb 20 07:30:18 +0000 2018,@JustCharlie7109 @XRPTrump @stedas @Ripple @xrp_news @xrptips @JoelKatz Just price of 7$ takes the possible total m… https://t.co/yjvWlFuNe5,0
Tue Feb 20 07:29:46 +0000 2018,I uploaded a new episode  "Episode 6 - Artificial Intelligence and Bitcoin"  on #spreaker #a_i… https://t.co/CkgrGCM3tH,3
Tue Feb 20 07:28:19 +0000 2018,I uploaded a new episode  "Episode 6 - Artificial Intelligence and Bitcoin"  on #spreaker #a_i… https://t.co/CkgrGCM3tH,3
Tue Feb 20 07:22:54 +0000 2018,@JustCharlie7109 @XRPTrump @stedas @Ripple @xrp_news @xrptips @JoelKatz U right  it does not but people still look… https://t.co/v2MosXkV62,0
Tue Feb 20 07:17:19 +0000 2018,@XRPTrump @stedas @Ripple @xrp_news @xrptips @JoelKatz Not to mention  this "good explanation" "enlighting" literat… https://t.co/gTGOwLKmto,0
Tue Feb 20 06:57:21 +0000 2018,@XRPTrump @stedas @Ripple @xrp_news @xrptips @JoelKatz Otherwise for transaction purposes they are dime a dozen sor… https://t.co/IZQja4lpxN,0
Tue Feb 20 06:56:39 +0000 2018,@XRPTrump @stedas @Ripple @xrp_news @xrptips @JoelKatz What moneygram and westernunion has to do with large purchas… https://t.co/VvBmgu4VLy,0
Tue Feb 20 06:37:35 +0000 2018,@stedas @Ripple @XRPTrump @xrp_news @xrptips Why yall expect #WesternUnion and #Moneygram are interested in price g… https://t.co/2vMgHHUwzn,0
Tue Feb 20 06:30:09 +0000 2018,@stedas @Ripple @XRPTrump @xrp_news @xrptips U forgot #Nano that capable of 7000+ TPS. It's a shame that such a gre… https://t.co/Q7Lf1etba3,0
Tue Feb 20 06:14:36 +0000 2018,JP Morgan internal Cryptocurrency prediction report: Bitcoin  Bitcoin Cash  Ethereum  Ripple  Cardano  Dash  Litcoi… https://t.co/TuEb9NA88w,0
Tue Feb 20 05:40:00 +0000 2018,#xrp #ripple to #usd  On the Daily Chart - #xrp has broken out of its bearish downtrend. It's showing positive sign… https://t.co/kE5h9AL4s2,72
Tue Feb 20 05:15:24 +0000 2018,I uploaded a new episode  "Episode 6 - Artificial Intelligence and Bitcoin"  on #spreaker #a_i… https://t.co/DXn2k7cSw3,1
Tue Feb 20 05:14:06 +0000 2018,#blockchain #crypto Bitcoin  Ethereum  Bitcoin Cash  Ripple  Stellar  Litecoin  Cardano  NEO  EOS: Price Analysis … https://t.co/sILxqnk31H,2
Tue Feb 20 04:05:45 +0000 2018,#xrp #ripple to #usd  On the Daily Chart - #xrp has broken out of its bearish downtrend. It's showing positive sign… https://t.co/kE5h9AL4s2,72
Tue Feb 20 03:47:51 +0000 2018,#xrp #ripple to #usd  On the Daily Chart - #xrp has broken out of its bearish downtrend. It's showing positive sign… https://t.co/kE5h9AL4s2,72
Tue Feb 20 03:41:16 +0000 2018,#xrp #ripple to #usd  On the Daily Chart - #xrp has broken out of its bearish downtrend. It's showing positive sign… https://t.co/kE5h9AL4s2,72
Tue Feb 20 03:13:46 +0000 2018,#Bitcoin #BTC #Ethereum #ETH #BitcoinCash #BCH #Ripple #XRP #Stellar #XLM #Litecoin #LTC #Cardano #ADA #NEO #EOS… https://t.co/KPyKOWlcUY,2
Tue Feb 20 03:10:59 +0000 2018,#blockchain #crypto Bitcoin  Ethereum  Bitcoin Cash  Ripple  Stellar  Litecoin  Cardano  NEO  EOS: Price Analysis … https://t.co/sILxqnk31H,2
Tue Feb 20 03:09:55 +0000 2018,#Bitcoin #BTC #Ethereum #ETH #BitcoinCash #BCH #Ripple #XRP #Stellar #XLM #Litecoin #LTC #Cardano #ADA #NEO #EOS… https://t.co/KPyKOWlcUY,2
Tue Feb 20 03:08:13 +0000 2018,#blockchain #crypto Bitcoin  Ethereum  Bitcoin Cash  Ripple  Stellar  Litecoin  Cardano  NEO  EOS: Price Analysis … https://t.co/sILxqnk31H,2
Tue Feb 20 03:04:36 +0000 2018,Blue wave is only going to be a ripple. https://t.co/XkNhI8JFQc,0
Tue Feb 20 02:28:27 +0000 2018,Saudi Arabia’s Central Bank signs deal with #Ripple   https://t.co/pADRzvvtuX,14
Tue Feb 20 00:41:13 +0000 2018,テレグラム　日本円で約９３０億もICOで調達！  Ripple(リップル仮想通貨情報局 https://t.co/fPAh1GKsu3,0
Tue Feb 20 00:37:27 +0000 2018,we’re bringing back the #selfieolympics in 2018 https://t.co/S6phl2nrvb,58635
Tue Feb 20 00:09:05 +0000 2018,Western Union and Saudi Central Bank to test Ripple’s blockchain solution (XRP / Ripple News Today)… https://t.co/GmirgzqohU,0
Tue Feb 20 00:03:02 +0000 2018,#xrp #ripple to #usd  On the Daily Chart - #xrp has broken out of its bearish downtrend. It's showing positive sign… https://t.co/kE5h9AL4s2,72
