Wed Jan 09 22:20:23 +0000 2019,Jorge  muchas gracias por compartir esta información con nuestra comunidad. Parece entonces que esta alianza entre… https://t.co/kpzTcVefOv,1
Wed Jan 09 20:55:29 +0000 2019,Damn!! That is great news!  Santander Bank Says Ripple's Payment Network Outperforms Cross-Border Competitors https://t.co/WGdnbYIoyb,0
Wed Jan 09 20:32:53 +0000 2019,Ripple’s Marcus Treacher: RippleNet really came to life in the year of 2018 - https://t.co/SECk2aypkg,0
Wed Jan 09 20:03:49 +0000 2019,Ripple Price Analysis: xRapid Needs to Control a Mere 5% of Global Payments for XRP to Rise 500% via @EtherWorldNews https://t.co/Qcumr5ilBw,1
Wed Jan 09 17:00:43 +0000 2019,Ripple Price Analysis: XRP Bullish as Ripple Company make Strides https://t.co/yev3nRVJx5,0
Wed Jan 09 16:57:16 +0000 2019,Bill you are in for a Surprise in the upcoming years! @Ripple Hedge Fund Chairman Bill Miller Skeptical of ‘Overdon… https://t.co/K7ZgOphxyh,0
Wed Jan 09 16:52:00 +0000 2019,@krakenfx @JoelKatz @Ripple I have been following this for a while and I don't understand why #kraken is taking sho… https://t.co/cT4O1RsZrq,0
Wed Jan 09 15:41:30 +0000 2019,Jorge  muchas gracias por compartir esta información con nuestra comunidad. Parece entonces que esta alianza entre… https://t.co/kpzTcVefOv,1
Wed Jan 09 14:45:18 +0000 2019,Ripple’s SVP of Product: Customers want faster on-boarding experience for xRapid - https://t.co/J18DhV25gr,0
Wed Jan 09 12:54:29 +0000 2019,Ripple’s CEO Brad Garlinghouse acknowledges the XRP community’s fervor and excitement revolving Ripple - https://t.co/EYurc4s91H,0
Wed Jan 09 11:33:19 +0000 2019,@yousuck2020 🍻 To a ripple effect that has the potential to change the world,0
Wed Jan 09 06:28:03 +0000 2019,@Ripple Can you release the details pertaining to the xRapid contacts? How much XRP does each of the 200 have to ac… https://t.co/6nILXJxGo3,0
