Mon Aug 13 00:20:07 +0000 2018,https://t.co/1iQfoFVxjd Сoinkeeper  HYIP-ZANOZA #steem,0
