Mon Oct 29 23:48:33 +0000 2018,@litecoin_bull lol I feel bad for the people that call it a scam or dead based on price movements. The price will n… https://t.co/VBF9fwzY4b,0
Mon Oct 29 23:34:40 +0000 2018,https://t.co/oqx6LK46d1  #Airdrop #Ethereum #erc20 #ETH #AIRCOINS #USA #canada #bitcoin #blockchain #SanFrancisco… https://t.co/P0Qa7FADuy,4
Mon Oct 29 22:23:44 +0000 2018,If you're not buying #Litecoin back I feel bad for you son. $375 reasons to buy back  but you won't buy 1? $LTC.,2
Mon Oct 29 21:35:00 +0000 2018,#LightningNetwork: How It Is Going to Affect #Bitcoin and Litecoin https://t.co/XYItlAE3FT via @YahooFinance #BTC,0
Mon Oct 29 21:29:00 +0000 2018,STANaHALO' https://t.co/O7ddUaGOox via #redbubble #gold #expertoption #litecoin #criptomonedas #ripple #eth #luxury… https://t.co/pYqxEBrbJD,0
Mon Oct 29 21:25:00 +0000 2018,STANaHALO' https://t.co/rHSBgfgB4c via #redbubble #gold #expertoption #litecoin #criptomonedas #ripple #eth #luxury… https://t.co/uVnOjBsLrc,0
Mon Oct 29 21:15:00 +0000 2018,STANaHALO' https://t.co/8ILbahmsIR via #redbubble #gold #expertoption #litecoin #criptomonedas #ripple #eth #luxury… https://t.co/sc6vEjw3fO,0
Mon Oct 29 21:06:28 +0000 2018,If you're not buying #Litecoin back I feel bad for you son. $375 reasons to buy back  but you won't buy 1? $LTC.,2
Mon Oct 29 20:32:30 +0000 2018,If you're not buying #Litecoin back I feel bad for you son. $375 reasons to buy back  but you won't buy 1? $LTC.,2
Mon Oct 29 20:20:03 +0000 2018,みんなのライトコイン(ltc) の予想          △上げ予想44%  ▼下げ予想56%   #仮想通貨 #ltcjpy #ltc #litecoin #ライトコイン  仮想通貨予想アプリ… https://t.co/SEgNUk6K8i,0
Mon Oct 29 20:19:59 +0000 2018,$HLAB - S-1 - Digital currencies  such as Bitcoin and Litecoin  have been successful at leveraging Blockchain techn… https://t.co/n8BwdvvGu8,0
Mon Oct 29 19:05:55 +0000 2018,@_Kevin_Pham So r u saying buy Litecoin?,0
Mon Oct 29 16:20:04 +0000 2018,みんなのライトコイン(ltc) の予想          △上げ予想41%  ▼下げ予想59%   #仮想通貨 #ltcjpy #ltc #litecoin #ライトコイン  仮想通貨予想アプリ… https://t.co/vjd9qjk8GP,0
Mon Oct 29 12:11:45 +0000 2018,What’s Up In TheBitcoin Pub – 10/29/2018 – Is Litecoin A Dead Man https://t.co/jejRfcR1Gx https://t.co/xs3ECIk9Ft,3
Mon Oct 29 11:41:39 +0000 2018,What’s Up In TheBitcoin Pub – 10/29/2018 – Is Litecoin A Dead Man https://t.co/jejRfcR1Gx https://t.co/xs3ECIk9Ft,3
Mon Oct 29 11:27:50 +0000 2018,What’s Up In TheBitcoin Pub – 10/29/2018 – Is Litecoin A Dead Man https://t.co/jejRfcR1Gx https://t.co/xs3ECIk9Ft,3
Mon Oct 29 11:01:33 +0000 2018,What’s Up In TheBitcoin Pub – 10/29/2018 – Is Litecoin A Dead Man https://t.co/jejRfcR1Gx https://t.co/xs3ECIk9Ft,3
Mon Oct 29 10:20:04 +0000 2018,みんなのライトコイン(ltc) の予想          △上げ予想60%  ▼下げ予想40%   #仮想通貨 #ltcjpy #ltc #litecoin #ライトコイン  仮想通貨予想アプリ… https://t.co/IkJZHIlWUD,0
Mon Oct 29 04:07:17 +0000 2018,@SatoshiLite Your litecoin qr address for space donations. Aliens are rich,0
Mon Oct 29 03:20:04 +0000 2018,みんなのライトコイン(ltc) の予想          △上げ予想54%  ▼下げ予想46%   #仮想通貨 #ltcjpy #ltc #litecoin #ライトコイン  仮想通貨予想アプリ… https://t.co/kX4POxSMnU,0
