Fri Jan 11 23:01:57 +0000 2019,Watch your step as you make a mad dash in the direction your a... More for Aries https://t.co/4sCYxzSbLX,0
Fri Jan 11 22:59:55 +0000 2019,@onethinline Wait...so you're telling me that a Broadway musical isn't the best place to educate myself on American history? Ludicrous.,0
Fri Jan 11 22:50:29 +0000 2019,#Zilliqa Could Bring #Blockchain #Gaming to the #Mainstream: An Interview With @zilliqa Co-Founder @xinshudong… https://t.co/mjGJ4PIwhK,8
Fri Jan 11 21:17:47 +0000 2019,The best thing about working social media in games are those beautiful moments of serendipity when you realize it i… https://t.co/40c1zkyNC1,0
Fri Jan 11 21:11:27 +0000 2019,@talign Better than my tactic of piling up old laptops in my closet while telling myself "one day I'll transfer the… https://t.co/i1EEQXv2DF,0
Fri Jan 11 21:05:32 +0000 2019,@Dash_Reindeer No  but every time I upgrade  I copy the entire contents of the old drive to the new one.,0
Fri Jan 11 21:02:41 +0000 2019,@talign Does this mean you're using the same computer as you were in 2004? The only thing I use regularly that date… https://t.co/rkU9bdHhjE,0
Fri Jan 11 21:01:45 +0000 2019,Watch your step as you make a mad dash in the direction your a... More for Aries https://t.co/ftdOW5BJas,0
Fri Jan 11 20:59:20 +0000 2019,@WholesaleVirus @abittoolethal @Resonance22 I know. I'm the worst.,0
Fri Jan 11 20:43:01 +0000 2019,I added a video to a @YouTube playlist https://t.co/znyXNsdgAV Dash Snow Interview,0
Fri Jan 11 20:37:03 +0000 2019,Germany has a problem with the very essence of Amazons stupid Dash buttons – and bans them (webmaster@theregister.c… https://t.co/RzdSANNYKX,0
Fri Jan 11 20:13:07 +0000 2019,#Zilliqa Could Bring #Blockchain #Gaming to the #Mainstream: An Interview With @zilliqa Co-Founder @xinshudong… https://t.co/mjGJ4PIwhK,8
Fri Jan 11 20:10:54 +0000 2019,#Zilliqa Could Bring #Blockchain #Gaming to the #Mainstream: An Interview With @zilliqa Co-Founder @xinshudong… https://t.co/mjGJ4PIwhK,8
Fri Jan 11 20:08:42 +0000 2019,future sits on a couch nodding  impenetrable  as his soul absorbs the DIGITAL DASH instrumental  drake: dab dip mil… https://t.co/LbAVu6kabz,0
Fri Jan 11 20:07:15 +0000 2019,AUKEY 4K Dash Cam with 6-Lane Wide-Angle Lens Dashboard Camera Recorder with HDR  Loop Recording  G-Sensor  and Add… https://t.co/ugrwavKypC,0
Fri Jan 11 19:32:55 +0000 2019,#Zilliqa Could Bring #Blockchain #Gaming to the #Mainstream: An Interview With @zilliqa Co-Founder @xinshudong… https://t.co/mjGJ4PIwhK,8
Fri Jan 11 19:30:28 +0000 2019,#Zilliqa Could Bring #Blockchain #Gaming to the #Mainstream: An Interview With @zilliqa Co-Founder @xinshudong… https://t.co/mjGJ4PIwhK,8
Fri Jan 11 19:28:39 +0000 2019,#Zilliqa Could Bring #Blockchain #Gaming to the #Mainstream: An Interview With @zilliqa Co-Founder @xinshudong… https://t.co/mjGJ4PIwhK,8
Fri Jan 11 19:17:36 +0000 2019,Amazon Dash Buttons Deemed Illegal In Germany For Giving Shoppers Basically No Information https://t.co/w5D5TZ3JID via @letidmiranda,2
Fri Jan 11 19:11:24 +0000 2019,Each body responds differently to a diet. If you're trying to lose weight in 2019  find one that works for you. The… https://t.co/pBPECvnxCk,2
Fri Jan 11 19:05:58 +0000 2019,Our secret recipe for a perfect meal: Add a dash of great service and a heap of quality ingredients. https://t.co/zJ1fvp0App,0
Fri Jan 11 18:53:19 +0000 2019,Dash Cam Dashboard Camera Recorder Rear Camera-4" Full HD 1080P Car DVR Dashboard Camera G-Sensor  Loop Recording … https://t.co/sZAEz1Ju0E,0
Fri Jan 11 18:51:44 +0000 2019,Amazon Dash Buttons Deemed Illegal In Germany For Giving Shoppers Basically No Information https://t.co/w5D5TZ3JID via @letidmiranda,2
Fri Jan 11 18:47:10 +0000 2019,Amazon Dash Buttons Deemed Illegal In Germany For Giving Shoppers Basically No Information https://t.co/w5D5TZ3JID via @letidmiranda,2
Fri Jan 11 18:43:07 +0000 2019,Dash buttons ruled illegal in Amazons second largest market (Rachel Kraus/Mashable!) https://t.co/omydc002NZ,0
Fri Jan 11 18:34:54 +0000 2019,#Zilliqa Could Bring #Blockchain #Gaming to the #Mainstream: An Interview With @zilliqa Co-Founder @xinshudong… https://t.co/mjGJ4PIwhK,8
Fri Jan 11 18:28:53 +0000 2019,@MzSailiante I do order the senior meals on Door Dash  😏.,0
Fri Jan 11 18:23:39 +0000 2019,Amazon Dash Buttons Ruled Illegal in Germany https://t.co/mgBtC8NaQ4,0
Fri Jan 11 18:16:49 +0000 2019,#Zilliqa Could Bring #Blockchain #Gaming to the #Mainstream: An Interview With @zilliqa Co-Founder @xinshudong… https://t.co/mjGJ4PIwhK,8
Fri Jan 11 18:15:58 +0000 2019,#Zilliqa Could Bring #Blockchain #Gaming to the #Mainstream: An Interview With @zilliqa Co-Founder @xinshudong… https://t.co/mjGJ4PIwhK,8
Fri Jan 11 17:51:04 +0000 2019,@the_stybs Some of those cards are just straight up good  regardless of format.,0
Fri Jan 11 17:46:06 +0000 2019,Amazon Dash button breach German consumer law (the INQUIRER (UK)) https://t.co/xqNtFTuUq3,0
Fri Jan 11 17:39:21 +0000 2019,Germany outlaws Amazon's one-click Dash buttons https://t.co/inqRjkAYc0 a VERY sensible idea haha @engadget,0
Fri Jan 11 17:24:10 +0000 2019,🍓 https://t.co/ctjvvwPfVi,22901
Fri Jan 11 17:08:40 +0000 2019,Once again I swung over to make an appearance on @VGApocalypse along with @mattycallen  @Wikiparaz  and @CAntista.… https://t.co/VeZ3vgbJme,0
Fri Jan 11 17:03:14 +0000 2019,KDLINKS R100 Ultra HD 1296P Front + 1080P Rear 280° Wide Angle Anti-Glare Rearview Mirror Dual Lens Dash Cam with I… https://t.co/vHyP0Eykyl,0
Fri Jan 11 16:53:53 +0000 2019,We’ve listened to your feedback and are excited to announce that verified members now have access to INSTANT fundin… https://t.co/bS6VXFZJHJ,85
Fri Jan 11 16:45:08 +0000 2019,Try my 5 ingredient Keto Breakfast Bowl with crispy bacon  soft boiled egg  sliced avocado over a bed of cooked spi… https://t.co/k1lqoTeJaq,1
Fri Jan 11 16:41:31 +0000 2019,It’s only 8:45 and Dash Berlin is putting me in my feels smh,0
Fri Jan 11 16:35:01 +0000 2019,We gonna do the dash if we see them blue lights,0
Fri Jan 11 16:25:15 +0000 2019,Try my 5 ingredient Keto Breakfast Bowl with crispy bacon  soft boiled egg  sliced avocado over a bed of cooked spi… https://t.co/k1lqoTeJaq,1
Fri Jan 11 16:16:07 +0000 2019,Watch your step as you make a mad dash in the direction your a... More for Aries https://t.co/POQhMx5Lm6,0
Fri Jan 11 16:14:39 +0000 2019,Watch your step as you make a mad dash in the direction your a... More for Aries https://t.co/IdTVmsNqc9,0
Fri Jan 11 16:13:00 +0000 2019,Watch your step as you make a mad dash in the direction your a... More for Aries https://t.co/1XrOSNgy2i,0
Fri Jan 11 16:10:03 +0000 2019,https://t.co/W0ayuB9UC5,1
Fri Jan 11 16:09:36 +0000 2019,Watch your step as you make a mad dash in the direction your a... More for Aries https://t.co/m04S1aYyu9,0
Fri Jan 11 16:04:12 +0000 2019,If you watch the Dame Dash shit with Nick Cannon watch the whole thing. A lot of great dialogue on there,0
Fri Jan 11 16:01:36 +0000 2019,#german court says Amazon’s Dash buttons violate consumer protection law #theverge https://t.co/jvFFkjjP7Z https://t.co/kLVPHJEb9X,0
Fri Jan 11 15:59:31 +0000 2019,German court says Amazon’s Dash buttons violates consumer protection law https://t.co/WqHMPsigxT via @Verge #business,0
Fri Jan 11 15:57:29 +0000 2019,@SheyyDot What the fuck door dash????,0
Fri Jan 11 15:52:24 +0000 2019,Amazon Dash buttons judged to breach consumer rules in Germany https://t.co/Tn7Fuu1Wrv by @riptari,15
Fri Jan 11 15:43:17 +0000 2019,Germany outlaws Amazon's one-click Dash buttons https://t.co/WrgR4WDAGX via @engadget,0
Fri Jan 11 15:41:06 +0000 2019,Amazon Dash buttons judged to breach consumer rules in Germany (Natasha Lomas/TechCrunch) https://t.co/EWlpG3dEIP,0
Fri Jan 11 15:35:02 +0000 2019,Amazon Dash buttons judged to breach consumer rules in Germany https://t.co/Tn7Fuu1Wrv by @riptari,15
Fri Jan 11 15:24:22 +0000 2019,https://t.co/W0ayuB9UC5,1
Fri Jan 11 15:21:23 +0000 2019,Amazon Dash buttons judged to breach consumer rules in Germany https://t.co/Tn7Fuu1Wrv by @riptari,15
Fri Jan 11 15:18:22 +0000 2019,Amazon Dash buttons judged to breach consumer rules in Germany https://t.co/vjyU1WKCci #EU #EuropeanStartups #funding #venturecapital,0
Fri Jan 11 15:16:49 +0000 2019,Amazon Dash buttons judged to breach consumer rules in Germany https://t.co/Tn7Fuu1Wrv by @riptari,15
Fri Jan 11 15:15:28 +0000 2019,Amazon Dash buttons judged to breach consumer rules in Germany https://t.co/Tn7Fuu1Wrv by @riptari,15
Fri Jan 11 15:15:16 +0000 2019,Watch your step as you make a mad dash in the direction your a... More for Aries https://t.co/mv41W2Dxmb,0
Fri Jan 11 15:13:34 +0000 2019,Watch your step as you make a mad dash in the direction your a... More for Aries https://t.co/oDP6qLCiOJ,0
Fri Jan 11 15:12:49 +0000 2019,Amazon Dash buttons judged to breach consumer rules in Germany https://t.co/Tn7Fuu1Wrv by @riptari,15
Fri Jan 11 15:12:46 +0000 2019,Amazon Dash buttons judged to breach consumer rules in Germany https://t.co/Tn7Fuu1Wrv by @riptari,15
Fri Jan 11 15:11:26 +0000 2019,Amazon Dash buttons judged to breach consumer rules in Germany https://t.co/Tn7Fuu1Wrv by @riptari,15
Fri Jan 11 15:11:23 +0000 2019,Amazon Dash buttons judged to breach consumer rules in Germany https://t.co/Tn7Fuu1Wrv by @riptari,15
Fri Jan 11 15:10:32 +0000 2019,Watch your step as you make a mad dash in the direction your a... More for Aries https://t.co/aPcxVqpuf5,0
Fri Jan 11 15:10:25 +0000 2019,Amazon Dash buttons judged to breach consumer rules in Germany https://t.co/Tn7Fuu1Wrv by @riptari,15
Fri Jan 11 15:10:04 +0000 2019,Amazon Dash buttons judged to breach consumer rules in Germany https://t.co/Tn7Fuu1Wrv by @riptari,15
Fri Jan 11 15:07:49 +0000 2019,Watch your step as you make a mad dash in the direction your a... More for Aries https://t.co/9elc493dF1,0
Fri Jan 11 15:06:36 +0000 2019,Amazon Dash buttons judged to breach consumer rules in Germany https://t.co/Tn7Fuu1Wrv by @riptari,15
Fri Jan 11 15:06:28 +0000 2019,Amazon Dash buttons judged to breach consumer rules in Germany https://t.co/Tn7Fuu1Wrv by @riptari,15
Fri Jan 11 15:05:39 +0000 2019,Amazon Dash buttons judged to breach consumer rules in Germany https://t.co/Tn7Fuu1Wrv by @riptari,15
Fri Jan 11 15:03:47 +0000 2019,Watch your step as you make a mad dash in the direction your a... More for Aries https://t.co/eKGFonwrW1,0
Fri Jan 11 15:00:13 +0000 2019,Dame Dash is really the goat,0
Fri Jan 11 14:52:45 +0000 2019,Watch your step as you make a mad dash in the direction your a... More for Aries https://t.co/G9S7TD3Ccs,0
Fri Jan 11 14:52:14 +0000 2019,Watch your step as you make a mad dash in the direction your a... More for Aries https://t.co/kv4ITVSZLX,0
Fri Jan 11 14:52:04 +0000 2019,Watch your step as you make a mad dash in the direction your a... More for Aries https://t.co/G8TqrTZklP,0
Fri Jan 11 14:51:45 +0000 2019,Watch your step as you make a mad dash in the direction your a... More for Aries https://t.co/Zc6DscA5PS,0
Fri Jan 11 14:51:44 +0000 2019,Watch your step as you make a mad dash in the direction your a... More for Aries https://t.co/3EaronnwDM,0
Fri Jan 11 14:51:26 +0000 2019,Watch your step as you make a mad dash in the direction your a... More for Aries https://t.co/srfSEFFUaf,0
Fri Jan 11 14:50:58 +0000 2019,Watch your step as you make a mad dash in the direction your a... More for Aries https://t.co/wP38gOPwTe,0
Fri Jan 11 14:50:17 +0000 2019,Watch your step as you make a mad dash in the direction your a... More for Aries https://t.co/HVQX0Fb7NE,0
Fri Jan 11 14:49:31 +0000 2019,Watch your step as you make a mad dash in the direction your a... More for Aries https://t.co/UNkcwIN7kh,0
Fri Jan 11 14:48:20 +0000 2019,Watch your step as you make a mad dash in the direction your a... More for Aries https://t.co/k5pReHZKd9,0
Fri Jan 11 14:41:54 +0000 2019,Watch your step as you make a mad dash in the direction your a... More for Aries https://t.co/tOprEg3Hde,0
Fri Jan 11 14:39:31 +0000 2019,Watch your step as you make a mad dash in the direction your a... More for Aries https://t.co/xTC0vF2pvD,0
Fri Jan 11 14:39:24 +0000 2019,I'm selling my cute Cute fully furnished 3 bdr 2ba mobile in Palm Springs. Close to downtown. 55+ $55 900 https://t.co/QV5tAB4Rxa,0
Fri Jan 11 14:38:10 +0000 2019,Watch your step as you make a mad dash in the direction your a... More for Aries https://t.co/6rZROqAtEe,0
Fri Jan 11 14:34:27 +0000 2019,Watch your step as you make a mad dash in the direction your a... More for Aries https://t.co/moezKUnLxk,0
Fri Jan 11 14:33:02 +0000 2019,"Skyworld Aviation arranges the sale of a Dash 8 Q400" https://t.co/uCIrJlPdAa,0
Fri Jan 11 14:30:05 +0000 2019,Watch your step as you make a mad dash in the direction your a... More for Aries https://t.co/ZRGSKu19ws,0
Fri Jan 11 14:27:02 +0000 2019,Watch your step as you make a mad dash in the direction your a... More for Aries https://t.co/25WVUqH6LJ,0
Fri Jan 11 14:26:18 +0000 2019,Watch your step as you make a mad dash in the direction your a... More for Aries https://t.co/FUaSZrds28,0
Fri Jan 11 14:24:30 +0000 2019,Watch your step as you make a mad dash in the direction your a... More for Aries https://t.co/4CSvVi1cMt,0
Fri Jan 11 14:24:27 +0000 2019,Watch your step as you make a mad dash in the direction your a... More for Aries https://t.co/ijiRgO47Hk,0
Fri Jan 11 14:10:38 +0000 2019,Watch your step as you make a mad dash in the direction your a... More for Aries https://t.co/YKRD3e7m7K,0
Fri Jan 11 14:05:17 +0000 2019,Watch your step as you make a mad dash in the direction your a... More for Aries https://t.co/DTxbofYJii,0
Fri Jan 11 13:43:32 +0000 2019,Germany outlaws Amazons one-click Dash buttons (Engadget) https://t.co/1HSrjlMoRQ,0
Fri Jan 11 13:42:58 +0000 2019,Watch your step as you make a mad dash in the direction your a... More for Aries https://t.co/8i1YiucseX,0
Fri Jan 11 13:40:59 +0000 2019,Watch your step as you make a mad dash in the direction your a... More for Aries https://t.co/FJPeSZbppv,0
Fri Jan 11 13:38:04 +0000 2019,Amazons Dash buttons have been outlawed in Germany (Michael Grothaus/Fast Company) https://t.co/nmgyxBJ5xz,0
Fri Jan 11 13:09:07 +0000 2019,Watch your step as you make a mad dash in the direction your a... More for Aries https://t.co/5EmOqOJohp,0
Fri Jan 11 13:05:46 +0000 2019,Watch your step as you make a mad dash in the direction your a... More for Aries https://t.co/QJL80KenPu,0
Fri Jan 11 12:43:48 +0000 2019,Watch your step as you make a mad dash in the direction your a... More for Aries https://t.co/xwzrzT02Of,0
Fri Jan 11 12:43:32 +0000 2019,Amazons Dash ruled illegal by German court  Reuters reports (The Fly) https://t.co/JJiVjXmJvp,0
Fri Jan 11 12:42:23 +0000 2019,Watch your step as you make a mad dash in the direction your a... More for Aries https://t.co/2y3JVUTGW9,0
Fri Jan 11 12:37:06 +0000 2019,Watch your step as you make a mad dash in the direction your a... More for Aries https://t.co/92AolzjFAE,0
Fri Jan 11 12:15:49 +0000 2019,Watch your step as you make a mad dash in the direction your a... More for Aries https://t.co/LMN3hGeIhD,0
Fri Jan 11 11:41:40 +0000 2019,Watch your step as you make a mad dash in the direction your a... More for Aries https://t.co/PMuGsABicB,0
Fri Jan 11 11:34:10 +0000 2019,Watch your step as you make a mad dash in the direction your a... More for Aries https://t.co/UseFxl2oh1,0
Fri Jan 11 11:33:13 +0000 2019,Watch your step as you make a mad dash in the direction your a... More for Aries https://t.co/DUrqA9as26,0
Fri Jan 11 11:31:06 +0000 2019,Watch your step as you make a mad dash in the direction your a... More for Aries https://t.co/pt8nFFbFFh,0
Fri Jan 11 10:42:15 +0000 2019,Watch your step as you make a mad dash in the direction your a... More for Aries https://t.co/QwJZEk2FAN,0
Fri Jan 11 10:37:32 +0000 2019,Dudes damn near like they cars more than they like females  a bitch can’t put her feet on the dash tho ?,3
Fri Jan 11 08:35:49 +0000 2019,We’ve listened to your feedback and are excited to announce that verified members now have access to INSTANT fundin… https://t.co/bS6VXFZJHJ,85
Fri Jan 11 08:05:21 +0000 2019,Watch your step as you make a mad dash in the direction your a... More for Aries https://t.co/3Qz5yTXKPC,0
Fri Jan 11 07:09:45 +0000 2019,@amasad A dash of etherpad vibe might be a delight.,0
Fri Jan 11 07:00:57 +0000 2019,I liked a @YouTube video https://t.co/hHCIigSvSU "Cannon's Class" ft. Dame Dash,0
Fri Jan 11 06:38:36 +0000 2019,why Daly City police gotta give me a SECOND parking ticket for having my front plate on my dash when it’s still cle… https://t.co/IgRslfGO1R,0
Fri Jan 11 05:16:13 +0000 2019,Pioneer Wants To Turn Your Smartphone Into An In-Dash Car Display https://t.co/xEiwyhLZXB https://t.co/eqVM8CXDxa,0
Fri Jan 11 05:06:20 +0000 2019,So the problems I see here are men who can't seem 2 understand that women aren't objects that get stolen from 1 man… https://t.co/lYS9aTzlhE,0
Fri Jan 11 04:48:23 +0000 2019,Privacy Comparison Chart.   #Apollo #dash #monero #verge #altcoins #altcoinnews #crypto https://t.co/ri3NMgzuNX,4
Fri Jan 11 04:43:49 +0000 2019,🍓 https://t.co/ctjvvwPfVi,22901
Fri Jan 11 04:28:54 +0000 2019,If I’m in it by myself ima do the dash,0
Fri Jan 11 03:35:53 +0000 2019,@NickCannon Cannon's Class with Dame Dash 🔥🔥🔥🔥,0
Fri Jan 11 03:34:48 +0000 2019,@sfchronicle The #Warriors just got fun again  writes @scottostler.   They just added a dash of Boogie to their gam… https://t.co/9An3Vhd17J,2
Fri Jan 11 03:31:13 +0000 2019,AUTO-VOX M6B 4.5''Touch Screen Backup Camera Dash Cam + IP 68 Waterproof Super Night Vision Rear View Camera with M… https://t.co/tSEC3MctsU,0
Fri Jan 11 03:21:15 +0000 2019,AUKEY Dash Cam  Dashboard Camera Recorder with Full HD 1080P  6-Lane 170° Wide Angle Lens  Supercapacitor  G-Sensor… https://t.co/KDz6GIvTr7,0
Fri Jan 11 03:12:47 +0000 2019,Privacy Comparison Chart.   #Apollo #dash #monero #verge #altcoins #altcoinnews #crypto https://t.co/ri3NMgzuNX,4
Fri Jan 11 03:03:58 +0000 2019,When u get in ur car in the morning before it warms up https://t.co/nWSgHsCMkF,11340
Fri Jan 11 02:51:53 +0000 2019,Privacy Comparison Chart.   #Apollo #dash #monero #verge #altcoins #altcoinnews #crypto https://t.co/ri3NMgzuNX,4
Fri Jan 11 02:47:13 +0000 2019,Privacy Comparison Chart.   #Apollo #dash #monero #verge #altcoins #altcoinnews #crypto https://t.co/ri3NMgzuNX,4
Fri Jan 11 02:45:06 +0000 2019,Privacy Comparison Chart.   #Apollo #dash #monero #verge #altcoins #altcoinnews #crypto https://t.co/ri3NMgzuNX,4
Fri Jan 11 02:09:12 +0000 2019,@sfchronicle The #Warriors just got fun again  writes @scottostler.   They just added a dash of Boogie to their gam… https://t.co/9An3Vhd17J,2
Fri Jan 11 02:08:00 +0000 2019,@sfchronicle The #Warriors just got fun again  writes @scottostler.   They just added a dash of Boogie to their gam… https://t.co/9An3Vhd17J,2
Fri Jan 11 01:51:21 +0000 2019,Dudes damn near like they cars more than they like females  a bitch can’t put her feet on the dash tho ?,3
Fri Jan 11 01:49:01 +0000 2019,I ordered taco bell and the door dash guy said "I didn't know how many hot sauces you want so I threw in 5 of each". MY MAN,51
Fri Jan 11 00:49:19 +0000 2019,I ordered taco bell and the door dash guy said "I didn't know how many hot sauces you want so I threw in 5 of each". MY MAN,51
Fri Jan 11 00:34:43 +0000 2019,@staceydash Dash is smoking a big fatty.,0
