Thu Apr 26 20:20:03 +0000 2018,Verge (XVG)  Stellar (XLM)  Cardano (ADA): When You’re Up  You’re Up https://t.co/hl0onQVhNX https://t.co/MB21zpScsH,0
Thu Apr 26 15:22:17 +0000 2018,Trade Recommendation: Cardano/Bitcoin | Hacked: Hacking Finance https://t.co/GEDM2aaSxl,0
Thu Apr 26 03:32:58 +0000 2018,Bitcoin  Ethereum  #Bitcoin_Cash  #Ripple  #Stellar  #Litecoin  #Cardano  #NEO  #EOS: Price Analysis  April 25… https://t.co/MX6INB7EGk,0
Thu Apr 26 03:30:54 +0000 2018,@kanyewest #ADA #Cardano  "wait till I get my money right" https://t.co/QI0yyhVNOc,0
Thu Apr 26 01:02:02 +0000 2018,#Cardano (ADA) &amp; Ethereum (ETH) Soar – Just the Beginning? https://t.co/PZBTsXv09P https://t.co/W372P6bjGj,3
