Thu Jul 19 01:58:31 +0000 2018,Bitcoin Cash (BCH) Technical Analysis: BCH Smart Contracts Proposal Pumping Bulls   #Bitcoin #BitcoinCash #Cardano… https://t.co/Oy8ZE0gyEV,0
